id;Tarih;personelID;IP;gorevID;islem;firmaID;url;modulAd
90593;28.05.2023 16:51:00;2;127.0.0.1;0;Log dosyasi olusturuldu. Olusturulan dosya : ;5;;
90594;28.05.2023 16:51:00;2;127.0.0.1;0;Log dosyasi olusturuldu. Olusturulan dosya : ;5;;
90595;28.05.2023 16:51:00;2;127.0.0.1;0;Log dosyasi olusturuldu. Olusturulan dosya : ;5;;
90596;28.05.2023 16:51:00;2;127.0.0.1;0;Log dosyasi olusturuldu. Olusturulan dosya : ;5;;
90597;28.05.2023 16:51:00;2;127.0.0.1;0;Log dosyasi olusturuldu. Olusturulan dosya : ;5;;
90598;28.05.2023 16:51:00;2;127.0.0.1;0;Log dosyasi olusturuldu. Olusturulan dosya : ;5;;
90599;28.05.2023 16:51:00;2;127.0.0.1;0;Log dosyasi olusturuldu. Olusturulan dosya : ;5;;
90600;28.05.2023 16:51:00;2;127.0.0.1;0;Log dosyasi olusturuldu. Olusturulan dosya : ;5;;
90601;28.05.2023 16:51:00;2;127.0.0.1;0;Log dosyasi olusturuldu. Olusturulan dosya : ;5;;
90602;28.05.2023 16:51:00;2;127.0.0.1;0;Log dosyasi olusturuldu. Olusturulan dosya : ;5;;
90603;28.05.2023 16:51:00;2;127.0.0.1;0;Log dosyasi olusturuldu. Olusturulan dosya : ;5;;
90604;28.05.2023 16:51:00;2;127.0.0.1;0;Log dosyasi olusturuldu. Olusturulan dosya : ;5;;
90605;28.05.2023 16:51:00;2;127.0.0.1;0;Log dosyasi olusturuldu. Olusturulan dosya : ;5;;
90606;28.05.2023 16:51:00;2;127.0.0.1;0;Log dosyasi olusturuldu. Olusturulan dosya : ;5;;
90607;29.05.2023 07:54:00;0;192.168.1.128;0;Sifre Giris Ekrani;5;;
90608;29.05.2023 07:54:00;0;192.168.1.128;0;Sifre Giris Ekrani;5;;
90609;29.05.2023 07:54:00;0;192.168.1.128;0;Sifre Denemesi;5;;Personel
90610;29.05.2023 07:54:00;0;192.168.1.128;0;Sifre Dogrulaniyor;5;;Personel
90611;29.05.2023 07:54:00;28;192.168.1.128;0;Basarili Giris;5;;Personel
90612;29.05.2023 07:54:00;28;192.168.1.128;0;Welcome Dashboard;5;;Dashboard
90613;29.05.2023 08:01:00;29;192.168.1.189;0;Welcome Dashboard;5;;Dashboard
90614;29.05.2023 08:01:00;29;192.168.1.189;0;Welcome Dashboard;5;;Dashboard
90615;29.05.2023 08:02:00;29;192.168.1.189;0;Reçeteler Listelendi;5;;Reçete
90616;29.05.2023 08:02:00;29;192.168.1.189;4247;Reçete Adimlari Listelendi : ANGIOGRAPHY PACK  SAV-08MG;5;;Reçete
90617;29.05.2023 08:05:00;29;192.168.1.189;0;Stok Listesi Ekrani;5;;Stok
90618;29.05.2023 08:05:00;29;192.168.1.189;0;Stok Düzenleme Ekrani Girisi;5;;Stok
90619;29.05.2023 08:06:00;29;192.168.1.189;0;Stok Listesi Ekrani;5;;Stok
90620;29.05.2023 08:06:00;29;192.168.1.189;0;Seçtiginiz kriterlerde kayit bulunamadi;5;;Stok
90621;29.05.2023 08:06:00;29;192.168.1.189;0;Stok Düzenleme Ekrani Girisi;5;;Stok
90622;29.05.2023 08:08:00;29;192.168.1.189;0;Stok Güncelleme: YM-00616;5;;Stok
90623;29.05.2023 08:08:00;29;192.168.1.189;0;Yazmis oldugunuz stok koduna ait baska bir ürün bulunuyor. Lütfen girdiginiz bilgileri kontrol edin.;5;;Stok
90624;29.05.2023 08:08:00;29;192.168.1.189;0;Stok Güncelleme: YM-00617;5;;Stok
90625;29.05.2023 08:08:00;29;192.168.1.189;0;Yeni ürün eklendi:YM-00617;5;;Stok
90626;29.05.2023 08:08:00;29;192.168.1.189;0;Stok Listesi Ekrani;5;;Stok
90627;29.05.2023 08:08:00;29;192.168.1.189;0;Stok Listesi Ekrani;5;;Stok
90628;29.05.2023 08:08:00;29;192.168.1.189;0;Yeni Reçete Adim Ekleme Ekrani Girisi;5;;Reçete
90629;29.05.2023 08:09:00;29;192.168.1.189;0;Yeni Reçete Adim Ekleme Ekrani Girisi;5;;Reçete
90630;29.05.2023 08:09:00;28;192.168.1.128;0;Stok Listesi Ekrani;5;;Stok
90631;29.05.2023 08:09:00;29;192.168.1.189;0;Yeni Reçete Adim Ekleme Ekrani Girisi;5;;Reçete
90632;29.05.2023 08:09:00;28;192.168.1.128;0;Stok Listesi Ekrani;5;;Stok
90633;29.05.2023 08:09:00;29;192.168.1.189;0;Yeni Reçete Ekleme veya Güncelleme: ;5;;Reçete
90634;29.05.2023 08:09:00;29;192.168.1.189;0;Yeni Reçete Adimi Ekleniyor;5;;Reçete
90635;29.05.2023 08:09:00;29;192.168.1.189;0;Reçete adimi sirasi degistirildi;5;;Reçete
90636;29.05.2023 08:09:00;29;192.168.1.189;4247;Reçete Adimlari Listelendi : ANGIOGRAPHY PACK  SAV-08MG;5;;Reçete
90637;29.05.2023 08:09:00;29;192.168.1.189;0;Yeni Reçete Adim Ekleme Ekrani Girisi;5;;Reçete
90638;29.05.2023 08:10:00;29;192.168.1.189;0;Yeni Reçete Ekleme veya Güncelleme: ;5;;Reçete
90639;29.05.2023 08:10:00;29;192.168.1.189;0;Reçete Adimi Güncelleniyor;5;;Reçete
90640;29.05.2023 08:10:00;29;192.168.1.189;4247;Reçete Adimlari Listelendi : ANGIOGRAPHY PACK  SAV-08MG;5;;Reçete
90641;29.05.2023 08:10:00;29;192.168.1.189;0;Yeni Reçete Adim Ekleme Ekrani Girisi;5;;Reçete
90642;29.05.2023 08:10:00;29;192.168.1.189;0;Yeni Reçete Adim Ekleme Ekrani Girisi;5;;Reçete
90643;29.05.2023 08:11:00;29;192.168.1.189;0;Yeni Reçete Ekleme veya Güncelleme: ;5;;Reçete
90644;29.05.2023 08:11:00;29;192.168.1.189;0;Yeni Reçete Adimi Ekleniyor;5;;Reçete
90645;29.05.2023 08:11:00;29;192.168.1.189;0;Reçete adimi sirasi degistirildi;5;;Reçete
90646;29.05.2023 08:11:00;29;192.168.1.189;4247;Reçete Adimlari Listelendi : ANGIOGRAPHY PACK  SAV-08MG;5;;Reçete
90647;29.05.2023 08:11:00;29;192.168.1.189;0;Yeni Reçete Adim Ekleme Ekrani Girisi;5;;Reçete
90648;29.05.2023 08:11:00;29;192.168.1.189;0;Yeni Reçete Adim Ekleme Ekrani Girisi;5;;Reçete
90649;29.05.2023 08:12:00;29;192.168.1.189;0;Yeni Reçete Ekleme veya Güncelleme: ;5;;Reçete
90650;29.05.2023 08:12:00;29;192.168.1.189;0;Yeni Reçete Adimi Ekleniyor;5;;Reçete
90651;29.05.2023 08:12:00;29;192.168.1.189;0;Reçete adimi sirasi degistirildi;5;;Reçete
90652;29.05.2023 08:12:00;29;192.168.1.189;4247;Reçete Adimlari Listelendi : ANGIOGRAPHY PACK  SAV-08MG;5;;Reçete
90653;29.05.2023 08:12:00;29;192.168.1.189;0;Yeni Reçete Adim Ekleme Ekrani Girisi;5;;Reçete
90654;29.05.2023 08:12:00;29;192.168.1.189;0;Yeni Reçete Adim Ekleme Ekrani Girisi;5;;Reçete
90655;29.05.2023 08:13:00;29;192.168.1.189;0;Yeni Reçete Ekleme veya Güncelleme: ;5;;Reçete
90656;29.05.2023 08:13:00;29;192.168.1.189;0;Yeni Reçete Adimi Ekleniyor;5;;Reçete
90657;29.05.2023 08:13:00;29;192.168.1.189;0;Reçete adimi sirasi degistirildi;5;;Reçete
90658;29.05.2023 08:13:00;29;192.168.1.189;4247;Reçete Adimlari Listelendi : ANGIOGRAPHY PACK  SAV-08MG;5;;Reçete
90659;29.05.2023 08:13:00;29;192.168.1.189;0;Yeni Reçete Adim Ekleme Ekrani Girisi;5;;Reçete
90660;29.05.2023 08:13:00;29;192.168.1.189;0;Yeni Reçete Adim Ekleme Ekrani Girisi;5;;Reçete
90661;29.05.2023 08:14:00;29;192.168.1.189;0;Yeni Reçete Ekleme veya Güncelleme: ;5;;Reçete
90662;29.05.2023 08:14:00;29;192.168.1.189;0;Yeni Reçete Adimi Ekleniyor;5;;Reçete
90663;29.05.2023 08:14:00;29;192.168.1.189;0;Reçete adimi sirasi degistirildi;5;;Reçete
90664;29.05.2023 08:14:00;29;192.168.1.189;4247;Reçete Adimlari Listelendi : ANGIOGRAPHY PACK  SAV-08MG;5;;Reçete
90665;29.05.2023 08:14:00;29;192.168.1.189;0;Yeni Reçete Adim Ekleme Ekrani Girisi;5;;Reçete
90666;29.05.2023 08:14:00;29;192.168.1.189;0;Yeni Reçete Adim Ekleme Ekrani Girisi;5;;Reçete
90667;29.05.2023 08:14:00;29;192.168.1.189;0;Yeni Reçete Adim Ekleme Ekrani Girisi;5;;Reçete
90668;29.05.2023 08:14:00;29;192.168.1.189;0;Yeni Reçete Ekleme veya Güncelleme: ;5;;Reçete
90669;29.05.2023 08:14:00;29;192.168.1.189;0;Yeni Reçete Adimi Ekleniyor;5;;Reçete
90670;29.05.2023 08:14:00;29;192.168.1.189;0;Reçete adimi sirasi degistirildi;5;;Reçete
90671;29.05.2023 08:14:00;29;192.168.1.189;4247;Reçete Adimlari Listelendi : ANGIOGRAPHY PACK  SAV-08MG;5;;Reçete
90672;29.05.2023 08:14:00;29;192.168.1.189;0;Yeni Reçete Adim Ekleme Ekrani Girisi;5;;Reçete
90673;29.05.2023 08:14:00;29;192.168.1.189;0;Yeni Reçete Adim Ekleme Ekrani Girisi;5;;Reçete
90674;29.05.2023 08:15:00;29;192.168.1.189;0;Yeni Reçete Adim Ekleme Ekrani Girisi;5;;Reçete
90675;29.05.2023 08:15:00;29;192.168.1.189;0;Yeni Reçete Ekleme veya Güncelleme: ;5;;Reçete
90676;29.05.2023 08:15:00;29;192.168.1.189;0;Yeni Reçete Adimi Ekleniyor;5;;Reçete
90677;29.05.2023 08:15:00;29;192.168.1.189;0;Reçete adimi sirasi degistirildi;5;;Reçete
90678;29.05.2023 08:15:00;29;192.168.1.189;4247;Reçete Adimlari Listelendi : ANGIOGRAPHY PACK  SAV-08MG;5;;Reçete
90679;29.05.2023 08:15:00;29;192.168.1.189;0;Yeni Reçete Adim Ekleme Ekrani Girisi;5;;Reçete
90680;29.05.2023 08:15:00;29;192.168.1.189;0;Yeni Reçete Adim Ekleme Ekrani Girisi;5;;Reçete
90681;29.05.2023 08:16:00;29;192.168.1.189;0;Yeni Reçete Adim Ekleme Ekrani Girisi;5;;Reçete
90682;29.05.2023 08:16:00;29;192.168.1.189;0;Yeni Reçete Ekleme veya Güncelleme: ;5;;Reçete
90683;29.05.2023 08:16:00;29;192.168.1.189;0;Yeni Reçete Adimi Ekleniyor;5;;Reçete
90684;29.05.2023 08:16:00;29;192.168.1.189;0;Reçete adimi sirasi degistirildi;5;;Reçete
90685;29.05.2023 08:16:00;29;192.168.1.189;4247;Reçete Adimlari Listelendi : ANGIOGRAPHY PACK  SAV-08MG;5;;Reçete
90686;29.05.2023 08:16:00;29;192.168.1.189;0;Yeni Reçete Adim Ekleme Ekrani Girisi;5;;Reçete
90687;29.05.2023 08:16:00;29;192.168.1.189;0;Yeni Reçete Adim Ekleme Ekrani Girisi;5;;Reçete
90688;29.05.2023 08:16:00;29;192.168.1.189;0;Yeni Reçete Adim Ekleme Ekrani Girisi;5;;Reçete
90689;29.05.2023 08:16:00;29;192.168.1.189;0;Yeni Reçete Ekleme veya Güncelleme: ;5;;Reçete
90690;29.05.2023 08:16:00;29;192.168.1.189;0;Yeni Reçete Adimi Ekleniyor;5;;Reçete
90691;29.05.2023 08:16:00;29;192.168.1.189;0;Reçete adimi sirasi degistirildi;5;;Reçete
90692;29.05.2023 08:16:00;29;192.168.1.189;4247;Reçete Adimlari Listelendi : ANGIOGRAPHY PACK  SAV-08MG;5;;Reçete
90693;29.05.2023 08:16:00;29;192.168.1.189;0;Yeni Reçete Adim Ekleme Ekrani Girisi;5;;Reçete
90694;29.05.2023 08:17:00;29;192.168.1.189;0;Yeni Reçete Adim Ekleme Ekrani Girisi;5;;Reçete
90695;29.05.2023 08:17:00;29;192.168.1.189;0;Yeni Reçete Adim Ekleme Ekrani Girisi;5;;Reçete
90696;29.05.2023 08:17:00;29;192.168.1.189;0;Yeni Reçete Ekleme veya Güncelleme: ;5;;Reçete
90697;29.05.2023 08:17:00;29;192.168.1.189;0;Yeni Reçete Adimi Ekleniyor;5;;Reçete
90698;29.05.2023 08:17:00;29;192.168.1.189;0;Reçete adimi sirasi degistirildi;5;;Reçete
90699;29.05.2023 08:17:00;29;192.168.1.189;4247;Reçete Adimlari Listelendi : ANGIOGRAPHY PACK  SAV-08MG;5;;Reçete
90700;29.05.2023 08:17:00;29;192.168.1.189;0;Yeni Reçete Adim Ekleme Ekrani Girisi;5;;Reçete
90701;29.05.2023 08:20:00;29;192.168.1.189;0;Yeni Reçete Adim Ekleme Ekrani Girisi;5;;Reçete
90702;29.05.2023 08:20:00;29;192.168.1.189;0;Yeni Reçete Adim Ekleme Ekrani Girisi;5;;Reçete
90703;29.05.2023 08:20:00;29;192.168.1.189;0;Yeni Reçete Ekleme veya Güncelleme: ;5;;Reçete
90704;29.05.2023 08:20:00;29;192.168.1.189;0;Yeni Reçete Adimi Ekleniyor;5;;Reçete
90705;29.05.2023 08:20:00;29;192.168.1.189;0;Reçete adimi sirasi degistirildi;5;;Reçete
90706;29.05.2023 08:20:00;29;192.168.1.189;4247;Reçete Adimlari Listelendi : ANGIOGRAPHY PACK  SAV-08MG;5;;Reçete
90707;29.05.2023 08:20:00;29;192.168.1.189;0;Yeni Reçete Adim Ekleme Ekrani Girisi;5;;Reçete
90708;29.05.2023 08:21:00;29;192.168.1.189;0;Yeni Reçete Ekleme veya Güncelleme: ;5;;Reçete
90709;29.05.2023 08:21:00;29;192.168.1.189;0;Reçete Adimi Güncelleniyor;5;;Reçete
90710;29.05.2023 08:21:00;29;192.168.1.189;4247;Reçete Adimlari Listelendi : ANGIOGRAPHY PACK  SAV-08MG;5;;Reçete
90711;29.05.2023 08:21:00;29;192.168.1.189;0;Yeni Reçete Adim Ekleme Ekrani Girisi;5;;Reçete
90712;29.05.2023 08:21:00;29;192.168.1.189;0;Yeni Reçete Adim Ekleme Ekrani Girisi;5;;Reçete
90713;29.05.2023 08:21:00;29;192.168.1.189;0;Yeni Reçete Adim Ekleme Ekrani Girisi;5;;Reçete
90714;29.05.2023 08:21:00;29;192.168.1.189;0;Yeni Reçete Ekleme veya Güncelleme: ;5;;Reçete
90715;29.05.2023 08:21:00;29;192.168.1.189;0;Yeni Reçete Adimi Ekleniyor;5;;Reçete
90716;29.05.2023 08:21:00;29;192.168.1.189;0;Reçete adimi sirasi degistirildi;5;;Reçete
90717;29.05.2023 08:21:00;29;192.168.1.189;4247;Reçete Adimlari Listelendi : ANGIOGRAPHY PACK  SAV-08MG;5;;Reçete
90718;29.05.2023 08:21:00;29;192.168.1.189;0;Yeni Reçete Adim Ekleme Ekrani Girisi;5;;Reçete
90719;29.05.2023 08:21:00;29;192.168.1.189;0;Yeni Reçete Adim Ekleme Ekrani Girisi;5;;Reçete
90720;29.05.2023 08:21:00;29;192.168.1.189;0;Yeni Reçete Adim Ekleme Ekrani Girisi;5;;Reçete
90721;29.05.2023 08:21:00;29;192.168.1.189;0;Yeni Reçete Ekleme veya Güncelleme: ;5;;Reçete
90722;29.05.2023 08:21:00;29;192.168.1.189;0;Yeni Reçete Adimi Ekleniyor;5;;Reçete
90723;29.05.2023 08:21:00;29;192.168.1.189;0;Reçete adimi sirasi degistirildi;5;;Reçete
90724;29.05.2023 08:21:00;29;192.168.1.189;4247;Reçete Adimlari Listelendi : ANGIOGRAPHY PACK  SAV-08MG;5;;Reçete
90725;29.05.2023 08:22:00;29;192.168.1.189;0;Reçete adimi sirasi degistirildi;5;;Reçete
90726;29.05.2023 08:22:00;29;192.168.1.189;4247;Reçete Adimlari Listelendi : ANGIOGRAPHY PACK  SAV-08MG;5;;Reçete
90727;29.05.2023 08:22:00;29;192.168.1.189;0;Reçete adimi sirasi degistirildi;5;;Reçete
90728;29.05.2023 08:22:00;29;192.168.1.189;4247;Reçete Adimlari Listelendi : ANGIOGRAPHY PACK  SAV-08MG;5;;Reçete
90729;29.05.2023 08:22:00;29;192.168.1.189;0;Reçete adimi sirasi degistirildi;5;;Reçete
90730;29.05.2023 08:22:00;29;192.168.1.189;4247;Reçete Adimlari Listelendi : ANGIOGRAPHY PACK  SAV-08MG;5;;Reçete
90731;29.05.2023 08:22:00;29;192.168.1.189;0;Reçete adimi sirasi degistirildi;5;;Reçete
90732;29.05.2023 08:22:00;29;192.168.1.189;4247;Reçete Adimlari Listelendi : ANGIOGRAPHY PACK  SAV-08MG;5;;Reçete
90733;29.05.2023 08:22:00;29;192.168.1.189;0;Reçete adimi sirasi degistirildi;5;;Reçete
90734;29.05.2023 08:22:00;29;192.168.1.189;4247;Reçete Adimlari Listelendi : ANGIOGRAPHY PACK  SAV-08MG;5;;Reçete
90735;29.05.2023 08:22:00;29;192.168.1.189;0;Reçete adimi sirasi degistirildi;5;;Reçete
90736;29.05.2023 08:22:00;29;192.168.1.189;4247;Reçete Adimlari Listelendi : ANGIOGRAPHY PACK  SAV-08MG;5;;Reçete
90737;29.05.2023 08:22:00;29;192.168.1.189;0;Reçete adimi sirasi degistirildi;5;;Reçete
90738;29.05.2023 08:22:00;29;192.168.1.189;4247;Reçete Adimlari Listelendi : ANGIOGRAPHY PACK  SAV-08MG;5;;Reçete
90739;29.05.2023 08:23:00;29;192.168.1.189;0;Reçete adimi sirasi degistirildi;5;;Reçete
90740;29.05.2023 08:23:00;29;192.168.1.189;4247;Reçete Adimlari Listelendi : ANGIOGRAPHY PACK  SAV-08MG;5;;Reçete
90741;29.05.2023 08:23:00;29;192.168.1.189;0;Reçete adimi sirasi degistirildi;5;;Reçete
90742;29.05.2023 08:23:00;29;192.168.1.189;4247;Reçete Adimlari Listelendi : ANGIOGRAPHY PACK  SAV-08MG;5;;Reçete
90743;29.05.2023 08:23:00;29;192.168.1.189;0;Reçete adimi sirasi degistirildi;5;;Reçete
90744;29.05.2023 08:23:00;29;192.168.1.189;4247;Reçete Adimlari Listelendi : ANGIOGRAPHY PACK  SAV-08MG;5;;Reçete
90745;29.05.2023 08:23:00;29;192.168.1.189;0;Reçete adimi sirasi degistirildi;5;;Reçete
90746;29.05.2023 08:23:00;29;192.168.1.189;4247;Reçete Adimlari Listelendi : ANGIOGRAPHY PACK  SAV-08MG;5;;Reçete
90747;29.05.2023 08:23:00;29;192.168.1.189;0;Reçete adimi sirasi degistirildi;5;;Reçete
90748;29.05.2023 08:23:00;29;192.168.1.189;4247;Reçete Adimlari Listelendi : ANGIOGRAPHY PACK  SAV-08MG;5;;Reçete
90749;29.05.2023 08:23:00;29;192.168.1.189;0;Reçete adimi sirasi degistirildi;5;;Reçete
90750;29.05.2023 08:23:00;29;192.168.1.189;4247;Reçete Adimlari Listelendi : ANGIOGRAPHY PACK  SAV-08MG;5;;Reçete
90751;29.05.2023 08:23:00;29;192.168.1.189;0;Reçete adimi sirasi degistirildi;5;;Reçete
90752;29.05.2023 08:23:00;29;192.168.1.189;4247;Reçete Adimlari Listelendi : ANGIOGRAPHY PACK  SAV-08MG;5;;Reçete
90753;29.05.2023 08:23:00;29;192.168.1.189;0;Reçete adimi sirasi degistirildi;5;;Reçete
90754;29.05.2023 08:23:00;29;192.168.1.189;4247;Reçete Adimlari Listelendi : ANGIOGRAPHY PACK  SAV-08MG;5;;Reçete
90755;29.05.2023 08:23:00;29;192.168.1.189;0;Reçete adimi sirasi degistirildi;5;;Reçete
90756;29.05.2023 08:23:00;29;192.168.1.189;4247;Reçete Adimlari Listelendi : ANGIOGRAPHY PACK  SAV-08MG;5;;Reçete
90757;29.05.2023 08:23:00;29;192.168.1.189;0;Reçete adimi sirasi degistirildi;5;;Reçete
90758;29.05.2023 08:23:00;29;192.168.1.189;4247;Reçete Adimlari Listelendi : ANGIOGRAPHY PACK  SAV-08MG;5;;Reçete
90759;29.05.2023 08:23:00;29;192.168.1.189;0;Reçete adimi sirasi degistirildi;5;;Reçete
90760;29.05.2023 08:23:00;29;192.168.1.189;4247;Reçete Adimlari Listelendi : ANGIOGRAPHY PACK  SAV-08MG;5;;Reçete
90761;29.05.2023 08:23:00;29;192.168.1.189;0;Reçete adimi sirasi degistirildi;5;;Reçete
90762;29.05.2023 08:23:00;29;192.168.1.189;4247;Reçete Adimlari Listelendi : ANGIOGRAPHY PACK  SAV-08MG;5;;Reçete
90763;29.05.2023 08:23:00;29;192.168.1.189;0;Reçete adimi sirasi degistirildi;5;;Reçete
90764;29.05.2023 08:23:00;29;192.168.1.189;4247;Reçete Adimlari Listelendi : ANGIOGRAPHY PACK  SAV-08MG;5;;Reçete
90765;29.05.2023 08:23:00;29;192.168.1.189;0;Reçete adimi sirasi degistirildi;5;;Reçete
90766;29.05.2023 08:23:00;29;192.168.1.189;4247;Reçete Adimlari Listelendi : ANGIOGRAPHY PACK  SAV-08MG;5;;Reçete
90767;29.05.2023 08:23:00;29;192.168.1.189;0;Reçete adimi sirasi degistirildi;5;;Reçete
90768;29.05.2023 08:23:00;29;192.168.1.189;4247;Reçete Adimlari Listelendi : ANGIOGRAPHY PACK  SAV-08MG;5;;Reçete
90769;29.05.2023 08:23:00;29;192.168.1.189;0;Reçete adimi sirasi degistirildi;5;;Reçete
90770;29.05.2023 08:23:00;29;192.168.1.189;4247;Reçete Adimlari Listelendi : ANGIOGRAPHY PACK  SAV-08MG;5;;Reçete
90771;29.05.2023 08:24:00;29;192.168.1.189;0;Reçete adimi sirasi degistirildi;5;;Reçete
90772;29.05.2023 08:24:00;29;192.168.1.189;4247;Reçete Adimlari Listelendi : ANGIOGRAPHY PACK  SAV-08MG;5;;Reçete
90773;29.05.2023 08:24:00;29;192.168.1.189;0;Reçete adimi sirasi degistirildi;5;;Reçete
90774;29.05.2023 08:24:00;29;192.168.1.189;4247;Reçete Adimlari Listelendi : ANGIOGRAPHY PACK  SAV-08MG;5;;Reçete
90775;29.05.2023 08:24:00;29;192.168.1.189;0;Reçete adimi sirasi degistirildi;5;;Reçete
90776;29.05.2023 08:24:00;29;192.168.1.189;4247;Reçete Adimlari Listelendi : ANGIOGRAPHY PACK  SAV-08MG;5;;Reçete
90777;29.05.2023 08:24:00;29;192.168.1.189;0;Reçete adimi sirasi degistirildi;5;;Reçete
90778;29.05.2023 08:24:00;29;192.168.1.189;4247;Reçete Adimlari Listelendi : ANGIOGRAPHY PACK  SAV-08MG;5;;Reçete
90779;29.05.2023 08:24:00;29;192.168.1.189;0;Reçete adimi sirasi degistirildi;5;;Reçete
90780;29.05.2023 08:24:00;29;192.168.1.189;4247;Reçete Adimlari Listelendi : ANGIOGRAPHY PACK  SAV-08MG;5;;Reçete
90781;29.05.2023 08:24:00;29;192.168.1.189;0;Reçete adimi sirasi degistirildi;5;;Reçete
90782;29.05.2023 08:24:00;29;192.168.1.189;4247;Reçete Adimlari Listelendi : ANGIOGRAPHY PACK  SAV-08MG;5;;Reçete
90783;29.05.2023 08:24:00;29;192.168.1.189;0;Reçete adimi sirasi degistirildi;5;;Reçete
90784;29.05.2023 08:24:00;29;192.168.1.189;4247;Reçete Adimlari Listelendi : ANGIOGRAPHY PACK  SAV-08MG;5;;Reçete
90785;29.05.2023 08:24:00;29;192.168.1.189;0;Reçete adimi sirasi degistirildi;5;;Reçete
90786;29.05.2023 08:24:00;29;192.168.1.189;4247;Reçete Adimlari Listelendi : ANGIOGRAPHY PACK  SAV-08MG;5;;Reçete
90787;29.05.2023 08:25:00;29;192.168.1.189;0;Yeni Reçete Olusturma Ekrani Girisi;5;;Reçete
90788;29.05.2023 08:27:00;27;192.168.1.138;0;Mal Kabul Siparisleri Listelendi;5;;Satin Alma
90789;29.05.2023 08:27:00;27;192.168.1.138;0;Mal Kabul Siparisleri Listelendi;5;;Satin Alma
90790;29.05.2023 08:29:00;27;192.168.1.138;0;Stok Listesi Ekrani;5;;Stok
90791;29.05.2023 08:29:00;27;192.168.1.138;0;Stok Listesi Ekrani;5;;Stok
90792;29.05.2023 09:09:00;27;192.168.1.138;0;Stok Listesi Ekrani;5;;Stok
90793;29.05.2023 09:11:00;27;192.168.1.138;100;Stok Depo Miktarlari Detay;5;;stok
90794;29.05.2023 09:14:00;27;192.168.1.138;705;Stok Düzenleme Ekrani Girisi;5;;Stok
90795;29.05.2023 09:23:00;28;192.168.1.128;0;Satinalma Talep Olusturma Ekrani;5;;Satin Alma
90796;29.05.2023 09:23:00;27;192.168.1.138;0;Stok Listesi Ekrani;5;;Stok
90797;29.05.2023 09:23:00;28;192.168.1.128;0;25 ID ürün için satinalma talebi eklendi;5;;Satin Alma
90798;29.05.2023 09:23:00;28;192.168.1.128;0;Satinalma Talep ana tablo aktarimi;5;;Satin Alma
90799;29.05.2023 09:23:00;27;192.168.1.138;0;Stok Listesi Ekrani;5;;Stok
90800;29.05.2023 09:24:00;27;192.168.1.138;0;Stok Düzenleme Ekrani Girisi;5;;Stok
90801;29.05.2023 09:27:00;27;192.168.1.138;0;Stok Güncelleme: HM-00618;5;;Stok
90802;29.05.2023 09:27:00;27;192.168.1.138;0;Yeni ürün eklendi:HM-00618;5;;Stok
90803;29.05.2023 09:27:00;27;192.168.1.138;0;Stok Listesi Ekrani;5;;Stok
90804;29.05.2023 09:28:00;27;192.168.1.138;0;Mal Kabul Siparisleri Listelendi;5;;Satin Alma
90805;29.05.2023 09:28:00;27;192.168.1.138;0;Mal Kabul Siparisleri Listelendi;5;;Satin Alma
90806;29.05.2023 09:28:00;27;192.168.1.138;0;Mal Kabul Siparisleri Listelendi;5;;Satin Alma
90807;29.05.2023 09:28:00;27;192.168.1.138;0;Satinalma Temp Siparis Olusturma Ekrani;5;;Satin Alma
90808;29.05.2023 09:28:00;27;192.168.1.138;0;2608 carisine satin alma siparisi için 3048 kodlu ürün eklendi;5;;Satin Alma
90809;29.05.2023 09:28:00;27;192.168.1.138;0;Satinalma siparis ana tablo aktarimi;5;;Satin Alma
90810;29.05.2023 09:30:00;27;192.168.1.138;0;Stok Listesi Ekrani;5;;Stok
90811;29.05.2023 09:34:00;27;192.168.1.138;0;Stok Listesi Ekrani;5;;Stok
90812;29.05.2023 09:34:00;27;192.168.1.138;0;Stok Listesi Ekrani;5;;Stok
90813;29.05.2023 09:47:00;0;192.168.1.248;0;Sifre Giris Ekrani;5;;
90814;29.05.2023 09:47:00;0;192.168.1.248;0;Sifre Denemesi;5;;Personel
90815;29.05.2023 09:47:00;0;192.168.1.248;0;Sifre Dogrulaniyor;5;;Personel
90816;29.05.2023 09:47:00;32;192.168.1.248;0;Basarili Giris;5;;Personel
90817;29.05.2023 09:47:00;32;192.168.1.248;0;Welcome Dashboard;5;;Dashboard
90818;29.05.2023 09:47:00;32;192.168.1.248;0;Dogrudan Müsteri Siparisi Olusturma Ekrani;5;;Satis
90819;29.05.2023 09:47:00;32;192.168.1.248;0;Welcome Dashboard;5;;Dashboard
90820;29.05.2023 09:47:00;32;192.168.1.248;0;Müsteri Siparisleri Listelendi;5;;Satis
90821;29.05.2023 09:48:00;32;192.168.1.248;0;1042 carisine müsteri siparisi için 357 stok ID ürün eklendi;5;;
90822;29.05.2023 09:49:00;32;192.168.1.248;0;1042 carisine müsteri siparisi için 369 stok ID ürün eklendi;5;;
90823;29.05.2023 09:49:00;32;192.168.1.248;0;1042 carisine müsteri siparisi için 366 stok ID ürün eklendi;5;;
90824;29.05.2023 09:50:00;32;192.168.1.248;0;1042 carisine müsteri siparisi için 497 stok ID ürün eklendi;5;;
90825;29.05.2023 09:50:00;32;192.168.1.248;0;1042 carisine müsteri siparisi için 1863 stok ID ürün eklendi;5;;
90826;29.05.2023 09:51:00;32;192.168.1.248;0;1042 carisine müsteri siparisi için 1838 stok ID ürün eklendi;5;;
90827;29.05.2023 09:51:00;32;192.168.1.248;0;1042 carisine müsteri siparisi için 1951 stok ID ürün eklendi;5;;
90828;29.05.2023 09:52:00;32;192.168.1.248;0;1042 carisine müsteri siparisi için 358 stok ID ürün eklendi;5;;
90829;29.05.2023 09:52:00;32;192.168.1.248;0;1042 carisine müsteri siparisi için 360 stok ID ürün eklendi;5;;
90830;29.05.2023 09:52:00;32;192.168.1.248;0;1042 carisine müsteri siparisi için 354 stok ID ürün eklendi;5;;
90831;29.05.2023 09:53:00;32;192.168.1.248;0;1042 carisine müsteri siparisi için 548 stok ID ürün eklendi;5;;
90832;29.05.2023 09:53:00;32;192.168.1.248;0;Müsteri siparisi ana tablo aktarimi;5;;satis
90833;29.05.2023 09:53:00;32;192.168.1.248;0;2243 carisine müsteri siparisi için 1957 stok ID ürün eklendi;5;;
90834;29.05.2023 09:54:00;32;192.168.1.248;0;Müsteri siparisi ana tablo aktarimi;5;;satis
90835;29.05.2023 09:55:00;32;192.168.1.248;0;832 carisine müsteri siparisi için 354 stok ID ürün eklendi;5;;
90836;29.05.2023 09:55:00;32;192.168.1.248;0;832 carisine müsteri siparisi için 1979 stok ID ürün eklendi;5;;
90837;29.05.2023 09:55:00;32;192.168.1.248;0;832 carisine müsteri siparisi için 366 stok ID ürün eklendi;5;;
90838;29.05.2023 09:55:00;32;192.168.1.248;0;Müsteri siparisi ana tablo aktarimi;5;;satis
90839;29.05.2023 09:56:00;32;192.168.1.248;0;684 carisine müsteri siparisi için 354 stok ID ürün eklendi;5;;
90840;29.05.2023 09:56:00;32;192.168.1.248;0;Müsteri siparisi ana tablo aktarimi;5;;satis
90841;29.05.2023 09:57:00;32;192.168.1.248;0;325 carisine müsteri siparisi için 366 stok ID ürün eklendi;5;;
90842;29.05.2023 09:57:00;32;192.168.1.248;0;Müsteri siparisi ana tablo aktarimi;5;;satis
90843;29.05.2023 09:58:00;32;192.168.1.248;0;Müsteri Siparisleri Listelendi;5;;Satis
90844;29.05.2023 09:58:00;32;192.168.1.248;0;Müsteri Siparisleri Listelendi;5;;Satis
90845;29.05.2023 10:20:00;28;192.168.1.128;0;Mal Kabul Siparisleri Listelendi;5;;Satin Alma
90846;29.05.2023 10:21:00;28;192.168.1.128;0;Sifre Denemesi;5;;Personel
90847;29.05.2023 10:21:00;28;192.168.1.128;0;Sifre Dogrulaniyor;5;;Personel
90848;29.05.2023 10:21:00;28;192.168.1.128;0;Basarili Giris;5;;Personel
90849;29.05.2023 10:21:00;28;192.168.1.128;0;Welcome Dashboard;5;;Dashboard
90850;29.05.2023 10:21:00;28;192.168.1.128;0;Mal Kabul Ekrani Giris;5;;Lojistik
90851;29.05.2023 10:29:00;28;192.168.1.128;0;Mal Kabul Belge Kayit:DVF2023000000405;5;;Mal Kabul
90852;29.05.2023 10:29:00;28;192.168.1.128;0;Mal Kabul Belge Kayit:DVF2023000000405;5;;Mal Kabul
90853;29.05.2023 10:30:00;28;192.168.1.128;0;Mal Kabul Ekrani Giris;5;;Lojistik
90854;29.05.2023 10:31:00;28;192.168.1.128;0;Mal Kabul Belge Kayit:DLF2023000000521;5;;Mal Kabul
90855;29.05.2023 10:32:00;28;192.168.1.128;0;Mal Kabul Ekrani Giris;5;;Lojistik
90856;29.05.2023 10:35:00;28;192.168.1.128;0;Mal Kabul Belge Kayit:IRTY2023000000274;5;;Mal Kabul
90857;29.05.2023 10:50:00;2;127.0.0.1;0;Welcome Dashboard;5;;Dashboard
90858;29.05.2023 10:51:00;2;127.0.0.1;0;Kalite Kontrol Bekleyen Ürünler Ekrani;5;;Kalite Kontrol
90859;29.05.2023 10:51:00;2;127.0.0.1;0;Kalite kontrol formlari listendi;5;;Kalite Kontrol
90860;29.05.2023 10:51:00;2;127.0.0.1;0;Kalite Kontrol Bekleyen Ürünler Ekrani;5;;Kalite Kontrol
90861;29.05.2023 10:59:00;35;192.168.1.165;0;Welcome Dashboard;5;;Dashboard
90862;29.05.2023 10:59:00;0;192.168.1.164;0;Sifre Giris Ekrani;5;;
90863;29.05.2023 10:59:00;35;192.168.1.165;0;Kalite Kontrol Bekleyen Ürünler Ekrani;5;;Kalite Kontrol
90864;29.05.2023 10:59:00;0;192.168.1.164;0;Sifre Denemesi;5;;Personel
90865;29.05.2023 10:59:00;0;192.168.1.164;0;Sifre Dogrulaniyor;5;;Personel
90866;29.05.2023 10:59:00;36;192.168.1.164;0;Basarili Giris;5;;Personel
90867;29.05.2023 10:59:00;36;192.168.1.164;0;Welcome Dashboard;5;;Dashboard
90868;29.05.2023 10:59:00;36;192.168.1.164;0;Kalite Kontrol Bekleyen Ürünler Ekrani;5;;Kalite Kontrol
90869;29.05.2023 10:59:00;35;192.168.1.165;0;Kalite kontrol formlari listendi;5;;Kalite Kontrol
90870;29.05.2023 10:59:00;35;192.168.1.165;0;Kalite Kontrol Bekleyen Ürünler Ekrani;5;;Kalite Kontrol
90871;29.05.2023 11:00:00;35;192.168.1.165;0;Kalite kontrol formlari listendi;5;;Kalite Kontrol
90872;29.05.2023 11:00:00;36;192.168.1.164;0;Kalite kontrol formlari listendi;5;;Kalite Kontrol
90873;29.05.2023 11:00:00;36;192.168.1.164;0;Kalite Kontrol Bekleyen Ürünler Ekrani;5;;Kalite Kontrol
90874;29.05.2023 11:00:00;35;192.168.1.165;0;Kalite kontrol formlari listendi;5;;Kalite Kontrol
90875;29.05.2023 11:00:00;35;192.168.1.165;0;Kalite Kontrol Bekleyen Ürünler Ekrani;5;;Kalite Kontrol
90876;29.05.2023 11:00:00;35;192.168.1.165;368;Stok girisi kalite kontrol onayi;5;;Kalite Kontrol
90877;29.05.2023 11:00:00;36;192.168.1.164;368;Stok girisi kalite kontrol onayi;5;;Kalite Kontrol
90878;29.05.2023 11:00:00;2;127.0.0.1;368;Stok girisi kalite kontrol onayi;5;;Kalite Kontrol
90879;29.05.2023 11:00:00;2;127.0.0.1;0;Kalite kontrol formlari listendi;5;;Kalite Kontrol
90880;29.05.2023 11:01:00;2;127.0.0.1;0;Kalite Kontrol Bekleyen Ürünler Ekrani;5;;Kalite Kontrol
90881;29.05.2023 11:01:00;36;192.168.1.164;0;Kalite Kontrol ürün kabul: 368;5;;Kalite Kontrol
90882;29.05.2023 11:01:00;36;192.168.1.164;0;Kalite Kontrol Bekleyen Ürünler Ekrani;5;;Kalite Kontrol
90883;29.05.2023 11:01:00;36;192.168.1.164;0;Kalite kontrol formlari listendi;5;;Kalite Kontrol
90884;29.05.2023 11:01:00;2;127.0.0.1;0;Kalite kontrol formlari listendi;5;;Kalite Kontrol
90885;29.05.2023 11:01:00;35;192.168.1.165;0;Kalite kontrol formlari listendi;5;;Kalite Kontrol
90886;29.05.2023 11:01:00;35;192.168.1.165;0;Kalite kontrol formlari listendi;5;;Kalite Kontrol
90887;29.05.2023 11:01:00;2;127.0.0.1;0;Kalite Kontrol Formu olusturma;5;;Kalite Kontrol
90888;29.05.2023 11:01:00;36;192.168.1.164;0;Kalite Kontrol Formu olusturma;5;;Kalite Kontrol
90889;29.05.2023 11:01:00;2;127.0.0.1;0;Kalite Kontrol Formu olusturma;5;;Kalite Kontrol
90890;29.05.2023 11:01:00;35;192.168.1.165;0;Kalite Kontrol Formu olusturma;5;;Kalite Kontrol
90891;29.05.2023 11:01:00;36;192.168.1.164;0;Kalite Kontrol Formu olusturma;5;;Kalite Kontrol
90892;29.05.2023 11:01:00;36;192.168.1.164;0;Kalite Kontrol Form degeri kayit;5;;Kalite Kontrol
90893;29.05.2023 11:01:00;36;192.168.1.164;0;Kalite Kontrol Form degeri kayit;5;;Kalite Kontrol
90894;29.05.2023 11:01:00;36;192.168.1.164;0;Kalite Kontrol Form degeri kayit;5;;Kalite Kontrol
90895;29.05.2023 11:01:00;36;192.168.1.164;0;Kalite Kontrol Form degeri kayit;5;;Kalite Kontrol
90896;29.05.2023 11:01:00;36;192.168.1.164;0;Kalite Kontrol Form degeri kayit;5;;Kalite Kontrol
90897;29.05.2023 11:01:00;36;192.168.1.164;0;Kalite Kontrol Form degeri kayit;5;;Kalite Kontrol
90898;29.05.2023 11:02:00;36;192.168.1.164;0;Kalite Kontrol Form degeri kayit;5;;Kalite Kontrol
90899;29.05.2023 11:02:00;36;192.168.1.164;0;Kalite Kontrol Form degeri kayit;5;;Kalite Kontrol
90900;29.05.2023 11:02:00;36;192.168.1.164;0;Kalite Kontrol Form degeri kayit;5;;Kalite Kontrol
90901;29.05.2023 11:02:00;36;192.168.1.164;0;Kalite Kontrol Form degeri kayit;5;;Kalite Kontrol
90902;29.05.2023 11:02:00;36;192.168.1.164;0;Kalite Kontrol Form degeri kayit;5;;Kalite Kontrol
90903;29.05.2023 11:02:00;35;192.168.1.165;0;Kalite Kontrol Formu olusturma;5;;Kalite Kontrol
90904;29.05.2023 11:02:00;36;192.168.1.164;0;Kalite Kontrol Form degeri kayit;5;;Kalite Kontrol
90905;29.05.2023 11:02:00;36;192.168.1.164;0;Kalite Kontrol Form degeri kayit;5;;Kalite Kontrol
90906;29.05.2023 11:02:00;36;192.168.1.164;0;Kalite Kontrol Form degeri kayit;5;;Kalite Kontrol
90907;29.05.2023 11:02:00;36;192.168.1.164;0;Kalite Kontrol Form degeri kayit;5;;Kalite Kontrol
90908;29.05.2023 11:02:00;36;192.168.1.164;0;Kalite Kontrol Form degeri kayit;5;;Kalite Kontrol
90909;29.05.2023 11:02:00;36;192.168.1.164;0;Kalite Kontrol Form degeri kayit;5;;Kalite Kontrol
90910;29.05.2023 11:02:00;36;192.168.1.164;0;Kalite Kontrol Form degeri kayit;5;;Kalite Kontrol
90911;29.05.2023 11:02:00;36;192.168.1.164;0;Kalite Kontrol Form degeri kayit;5;;Kalite Kontrol
90912;29.05.2023 11:02:00;36;192.168.1.164;0;Kalite Kontrol Form degeri kayit;5;;Kalite Kontrol
90913;29.05.2023 11:02:00;36;192.168.1.164;0;Kalite Kontrol Form degeri kayit;5;;Kalite Kontrol
90914;29.05.2023 11:02:00;36;192.168.1.164;0;Kalite Kontrol Form degeri kayit;5;;Kalite Kontrol
90915;29.05.2023 11:02:00;36;192.168.1.164;0;Kalite Kontrol Form degeri kayit;5;;Kalite Kontrol
90916;29.05.2023 11:02:00;36;192.168.1.164;0;Kalite Kontrol Form degeri kayit;5;;Kalite Kontrol
90917;29.05.2023 11:02:00;36;192.168.1.164;0;Kalite Kontrol Form degeri kayit;5;;Kalite Kontrol
90918;29.05.2023 11:05:00;36;192.168.1.164;0;Kalite Kontrol Form degeri kayit;5;;Kalite Kontrol
90919;29.05.2023 11:05:00;36;192.168.1.164;0;Kalite Kontrol Form degeri kayit;5;;Kalite Kontrol
90920;29.05.2023 11:05:00;36;192.168.1.164;0;Kalite Kontrol Form degeri kayit;5;;Kalite Kontrol
90921;29.05.2023 11:05:00;36;192.168.1.164;0;Kalite Kontrol Form degeri kayit;5;;Kalite Kontrol
90922;29.05.2023 11:05:00;36;192.168.1.164;0;Kalite Kontrol Form degeri kayit;5;;Kalite Kontrol
90923;29.05.2023 11:05:00;36;192.168.1.164;0;Kalite Kontrol Form degeri kayit;5;;Kalite Kontrol
90924;29.05.2023 11:05:00;36;192.168.1.164;0;Kalite Kontrol Form degeri kayit;5;;Kalite Kontrol
90925;29.05.2023 11:05:00;36;192.168.1.164;0;Kalite Kontrol Form degeri kayit;5;;Kalite Kontrol
90926;29.05.2023 11:05:00;36;192.168.1.164;0;Kalite Kontrol Form degeri kayit;5;;Kalite Kontrol
90927;29.05.2023 11:05:00;36;192.168.1.164;0;Kalite Kontrol Form degeri kayit;5;;Kalite Kontrol
90928;29.05.2023 11:05:00;36;192.168.1.164;0;Kalite Kontrol Form degeri kayit;5;;Kalite Kontrol
90929;29.05.2023 11:05:00;36;192.168.1.164;0;Kalite Kontrol Form degeri kayit;5;;Kalite Kontrol
90930;29.05.2023 11:05:00;36;192.168.1.164;0;Kalite Kontrol Form degeri kayit;5;;Kalite Kontrol
90931;29.05.2023 11:05:00;36;192.168.1.164;0;Kalite Kontrol Form degeri kayit;5;;Kalite Kontrol
90932;29.05.2023 11:05:00;36;192.168.1.164;0;Kalite Kontrol Form degeri kayit;5;;Kalite Kontrol
90933;29.05.2023 11:05:00;36;192.168.1.164;0;Kalite Kontrol Form degeri kayit;5;;Kalite Kontrol
90934;29.05.2023 11:05:00;36;192.168.1.164;0;Kalite Kontrol Form degeri kayit;5;;Kalite Kontrol
90935;29.05.2023 11:05:00;36;192.168.1.164;0;Kalite Kontrol Form degeri kayit;5;;Kalite Kontrol
90936;29.05.2023 11:05:00;36;192.168.1.164;0;Kalite Kontrol Form degeri kayit;5;;Kalite Kontrol
90937;29.05.2023 11:05:00;36;192.168.1.164;0;Kalite Kontrol Form degeri kayit;5;;Kalite Kontrol
90938;29.05.2023 11:05:00;36;192.168.1.164;0;Kalite Kontrol Form degeri kayit;5;;Kalite Kontrol
90939;29.05.2023 11:05:00;36;192.168.1.164;0;Kalite Kontrol Form degeri kayit;5;;Kalite Kontrol
90940;29.05.2023 11:05:00;36;192.168.1.164;0;Kalite Kontrol Form degeri kayit;5;;Kalite Kontrol
90941;29.05.2023 11:05:00;36;192.168.1.164;0;Kalite Kontrol Form degeri kayit;5;;Kalite Kontrol
90942;29.05.2023 11:05:00;36;192.168.1.164;0;Kalite Kontrol Form degeri kayit;5;;Kalite Kontrol
90943;29.05.2023 11:05:00;36;192.168.1.164;0;Kalite Kontrol Form degeri kayit;5;;Kalite Kontrol
90944;29.05.2023 11:05:00;36;192.168.1.164;0;Kalite Kontrol Form degeri kayit;5;;Kalite Kontrol
90945;29.05.2023 11:05:00;36;192.168.1.164;0;Kalite Kontrol Form degeri kayit;5;;Kalite Kontrol
90946;29.05.2023 11:05:00;36;192.168.1.164;0;Kalite Kontrol Form degeri kayit;5;;Kalite Kontrol
90947;29.05.2023 11:05:00;36;192.168.1.164;0;Kalite Kontrol Form degeri kayit;5;;Kalite Kontrol
90948;29.05.2023 11:06:00;36;192.168.1.164;0;Kalite Kontrol Form degeri kayit;5;;Kalite Kontrol
90949;29.05.2023 11:06:00;36;192.168.1.164;0;Kalite Kontrol Form degeri kayit;5;;Kalite Kontrol
90950;29.05.2023 11:06:00;36;192.168.1.164;0;Kalite Kontrol Form degeri kayit;5;;Kalite Kontrol
90951;29.05.2023 11:06:00;36;192.168.1.164;0;Kalite Kontrol Form degeri kayit;5;;Kalite Kontrol
90952;29.05.2023 11:06:00;36;192.168.1.164;0;Kalite Kontrol Form degeri kayit;5;;Kalite Kontrol
90953;29.05.2023 11:06:00;36;192.168.1.164;0;Kalite Kontrol Form degeri kayit;5;;Kalite Kontrol
90954;29.05.2023 11:06:00;36;192.168.1.164;0;Kalite Kontrol Form degeri kayit;5;;Kalite Kontrol
90955;29.05.2023 11:06:00;36;192.168.1.164;0;Kalite Kontrol Form degeri kayit;5;;Kalite Kontrol
90956;29.05.2023 11:06:00;36;192.168.1.164;0;Kalite Kontrol Form degeri kayit;5;;Kalite Kontrol
90957;29.05.2023 11:06:00;36;192.168.1.164;0;Kalite Kontrol Form degeri kayit;5;;Kalite Kontrol
90958;29.05.2023 11:08:00;0;192.168.1.250;0;Sifre Giris Ekrani;5;;
90959;29.05.2023 11:09:00;35;192.168.1.165;0;Kalite kontrol formlari listendi;5;;Kalite Kontrol
90960;29.05.2023 11:13:00;36;192.168.1.164;0;Kalite Kontrol Formu olusturma;5;;Kalite Kontrol
90961;29.05.2023 11:13:00;36;192.168.1.164;0;Kalite Kontrol Formu olusturma;5;;Kalite Kontrol
90962;29.05.2023 11:13:00;0;192.168.1.250;0;Sifre Giris Ekrani;5;;
90963;29.05.2023 11:13:00;36;192.168.1.164;0;Kalite Kontrol Bekleyen Ürünler Ekrani;5;;Kalite Kontrol
90964;29.05.2023 11:13:00;36;192.168.1.164;369;Stok girisi kalite kontrol onayi;5;;Kalite Kontrol
90965;29.05.2023 11:19:00;36;192.168.1.164;0;Kalite Kontrol ürün kabul: 369;5;;Kalite Kontrol
90966;29.05.2023 11:19:00;36;192.168.1.164;0;Kalite Kontrol Bekleyen Ürünler Ekrani;5;;Kalite Kontrol
90967;29.05.2023 11:19:00;36;192.168.1.164;366;Stok girisi kalite kontrol onayi;5;;Kalite Kontrol
90968;29.05.2023 11:20:00;36;192.168.1.164;366;Stok girisi kalite kontrol onayi;5;;Kalite Kontrol
90969;29.05.2023 11:20:00;36;192.168.1.164;0;Kalite Kontrol ürün kabul: 366;5;;Kalite Kontrol
90970;29.05.2023 11:20:00;36;192.168.1.164;0;Kalite Kontrol Bekleyen Ürünler Ekrani;5;;Kalite Kontrol
90971;29.05.2023 11:20:00;36;192.168.1.164;367;Stok girisi kalite kontrol onayi;5;;Kalite Kontrol
90972;29.05.2023 11:21:00;36;192.168.1.164;0;Kalite Kontrol ürün kabul: 367;5;;Kalite Kontrol
90973;29.05.2023 11:21:00;36;192.168.1.164;0;Kalite Kontrol Bekleyen Ürünler Ekrani;5;;Kalite Kontrol
90974;29.05.2023 11:21:00;36;192.168.1.164;0;Kalite kontrol formlari listendi;5;;Kalite Kontrol
90975;29.05.2023 11:21:00;36;192.168.1.164;0;Kalite Kontrol Formu olusturma;5;;Kalite Kontrol
90976;29.05.2023 11:21:00;36;192.168.1.164;0;Kalite Kontrol Formu olusturma;5;;Kalite Kontrol
90977;29.05.2023 11:21:00;36;192.168.1.164;0;Kalite Kontrol Formu olusturma;5;;Kalite Kontrol
90978;29.05.2023 11:22:00;36;192.168.1.164;0;Kalite Kontrol Form degeri kayit;5;;Kalite Kontrol
90979;29.05.2023 11:22:00;36;192.168.1.164;0;Kalite Kontrol Form degeri kayit;5;;Kalite Kontrol
90980;29.05.2023 11:22:00;36;192.168.1.164;0;Kalite Kontrol Form degeri kayit;5;;Kalite Kontrol
90981;29.05.2023 11:22:00;36;192.168.1.164;0;Kalite Kontrol Form degeri kayit;5;;Kalite Kontrol
90982;29.05.2023 11:22:00;36;192.168.1.164;0;Kalite Kontrol Form degeri kayit;5;;Kalite Kontrol
90983;29.05.2023 11:22:00;36;192.168.1.164;0;Kalite Kontrol Form degeri kayit;5;;Kalite Kontrol
90984;29.05.2023 11:22:00;36;192.168.1.164;0;Kalite Kontrol Form degeri kayit;5;;Kalite Kontrol
90985;29.05.2023 11:22:00;36;192.168.1.164;0;Kalite Kontrol Form degeri kayit;5;;Kalite Kontrol
90986;29.05.2023 11:22:00;36;192.168.1.164;0;Kalite Kontrol Form degeri kayit;5;;Kalite Kontrol
90987;29.05.2023 11:22:00;36;192.168.1.164;0;Kalite Kontrol Form degeri kayit;5;;Kalite Kontrol
90988;29.05.2023 11:22:00;36;192.168.1.164;0;Kalite Kontrol Form degeri kayit;5;;Kalite Kontrol
90989;29.05.2023 11:22:00;36;192.168.1.164;0;Kalite Kontrol Form degeri kayit;5;;Kalite Kontrol
90990;29.05.2023 11:22:00;36;192.168.1.164;0;Kalite Kontrol Form degeri kayit;5;;Kalite Kontrol
90991;29.05.2023 11:22:00;36;192.168.1.164;0;Kalite Kontrol Form degeri kayit;5;;Kalite Kontrol
90992;29.05.2023 11:22:00;36;192.168.1.164;0;Kalite Kontrol Form degeri kayit;5;;Kalite Kontrol
90993;29.05.2023 11:22:00;36;192.168.1.164;0;Kalite Kontrol Form degeri kayit;5;;Kalite Kontrol
90994;29.05.2023 11:22:00;36;192.168.1.164;0;Kalite Kontrol Form degeri kayit;5;;Kalite Kontrol
90995;29.05.2023 11:22:00;36;192.168.1.164;0;Kalite Kontrol Form degeri kayit;5;;Kalite Kontrol
90996;29.05.2023 11:22:00;36;192.168.1.164;0;Kalite Kontrol Form degeri kayit;5;;Kalite Kontrol
90997;29.05.2023 11:22:00;36;192.168.1.164;0;Kalite Kontrol Form degeri kayit;5;;Kalite Kontrol
90998;29.05.2023 11:22:00;36;192.168.1.164;0;Kalite Kontrol Form degeri kayit;5;;Kalite Kontrol
90999;29.05.2023 11:22:00;36;192.168.1.164;0;Kalite Kontrol Form degeri kayit;5;;Kalite Kontrol
91000;29.05.2023 11:23:00;36;192.168.1.164;0;Kalite Kontrol Form degeri kayit;5;;Kalite Kontrol
91001;29.05.2023 11:23:00;36;192.168.1.164;0;Kalite Kontrol Form degeri kayit;5;;Kalite Kontrol
91002;29.05.2023 11:23:00;36;192.168.1.164;0;Kalite Kontrol Form degeri kayit;5;;Kalite Kontrol
91003;29.05.2023 11:23:00;36;192.168.1.164;0;Kalite Kontrol Form degeri kayit;5;;Kalite Kontrol
91004;29.05.2023 11:23:00;36;192.168.1.164;0;Kalite Kontrol Form degeri kayit;5;;Kalite Kontrol
91005;29.05.2023 11:23:00;36;192.168.1.164;0;Kalite Kontrol Form degeri kayit;5;;Kalite Kontrol
91006;29.05.2023 11:23:00;36;192.168.1.164;0;Kalite Kontrol Form degeri kayit;5;;Kalite Kontrol
91007;29.05.2023 11:23:00;36;192.168.1.164;0;Kalite Kontrol Form degeri kayit;5;;Kalite Kontrol
91008;29.05.2023 11:23:00;36;192.168.1.164;0;Kalite Kontrol Form degeri kayit;5;;Kalite Kontrol
91009;29.05.2023 11:23:00;36;192.168.1.164;0;Kalite Kontrol Form degeri kayit;5;;Kalite Kontrol
91010;29.05.2023 11:23:00;36;192.168.1.164;0;Kalite Kontrol Form degeri kayit;5;;Kalite Kontrol
91011;29.05.2023 11:23:00;36;192.168.1.164;0;Kalite Kontrol Form degeri kayit;5;;Kalite Kontrol
91012;29.05.2023 11:23:00;36;192.168.1.164;0;Kalite Kontrol Form degeri kayit;5;;Kalite Kontrol
91013;29.05.2023 11:23:00;36;192.168.1.164;0;Kalite Kontrol Form degeri kayit;5;;Kalite Kontrol
91014;29.05.2023 11:23:00;36;192.168.1.164;0;Kalite Kontrol Form degeri kayit;5;;Kalite Kontrol
91015;29.05.2023 11:23:00;36;192.168.1.164;0;Kalite Kontrol Form degeri kayit;5;;Kalite Kontrol
91016;29.05.2023 11:23:00;36;192.168.1.164;0;Kalite Kontrol Form degeri kayit;5;;Kalite Kontrol
91017;29.05.2023 11:23:00;36;192.168.1.164;0;Kalite Kontrol Form degeri kayit;5;;Kalite Kontrol
91018;29.05.2023 11:23:00;36;192.168.1.164;0;Kalite Kontrol Form degeri kayit;5;;Kalite Kontrol
91019;29.05.2023 11:23:00;36;192.168.1.164;0;Kalite Kontrol Form degeri kayit;5;;Kalite Kontrol
91020;29.05.2023 11:23:00;36;192.168.1.164;0;Kalite Kontrol Form degeri kayit;5;;Kalite Kontrol
91021;29.05.2023 11:23:00;36;192.168.1.164;0;Kalite Kontrol Form degeri kayit;5;;Kalite Kontrol
91022;29.05.2023 11:23:00;36;192.168.1.164;0;Kalite Kontrol Form degeri kayit;5;;Kalite Kontrol
91023;29.05.2023 11:23:00;36;192.168.1.164;0;Kalite Kontrol Form degeri kayit;5;;Kalite Kontrol
91024;29.05.2023 11:23:00;36;192.168.1.164;0;Kalite Kontrol Form degeri kayit;5;;Kalite Kontrol
91025;29.05.2023 11:23:00;36;192.168.1.164;0;Kalite Kontrol Form degeri kayit;5;;Kalite Kontrol
91026;29.05.2023 11:23:00;36;192.168.1.164;0;Kalite Kontrol Form degeri kayit;5;;Kalite Kontrol
91027;29.05.2023 11:23:00;36;192.168.1.164;0;Kalite Kontrol Form degeri kayit;5;;Kalite Kontrol
91028;29.05.2023 11:23:00;36;192.168.1.164;0;Kalite Kontrol Form degeri kayit;5;;Kalite Kontrol
91029;29.05.2023 11:23:00;36;192.168.1.164;0;Kalite Kontrol Form degeri kayit;5;;Kalite Kontrol
91030;29.05.2023 11:23:00;36;192.168.1.164;0;Kalite Kontrol Form degeri kayit;5;;Kalite Kontrol
91031;29.05.2023 11:23:00;36;192.168.1.164;0;Kalite Kontrol Form degeri kayit;5;;Kalite Kontrol
91032;29.05.2023 11:23:00;36;192.168.1.164;0;Kalite Kontrol Form degeri kayit;5;;Kalite Kontrol
91033;29.05.2023 11:23:00;36;192.168.1.164;0;Kalite Kontrol Form degeri kayit;5;;Kalite Kontrol
91034;29.05.2023 11:23:00;36;192.168.1.164;0;Kalite Kontrol Form degeri kayit;5;;Kalite Kontrol
91035;29.05.2023 11:23:00;36;192.168.1.164;0;Kalite Kontrol Form degeri kayit;5;;Kalite Kontrol
91036;29.05.2023 11:23:00;36;192.168.1.164;0;Kalite Kontrol Form degeri kayit;5;;Kalite Kontrol
91037;29.05.2023 11:23:00;36;192.168.1.164;0;Kalite Kontrol Form degeri kayit;5;;Kalite Kontrol
91038;29.05.2023 11:23:00;36;192.168.1.164;0;Kalite Kontrol Form degeri kayit;5;;Kalite Kontrol
91039;29.05.2023 11:24:00;0;192.168.1.250;0;Sifre Giris Ekrani;5;;
91040;29.05.2023 11:25:00;36;192.168.1.164;0;Kalite Kontrol Formu olusturma;5;;Kalite Kontrol
91041;29.05.2023 11:25:00;36;192.168.1.164;0;Kalite Kontrol Formu olusturma;5;;Kalite Kontrol
91042;29.05.2023 11:29:00;36;192.168.1.164;0;Kalite Kontrol Form degeri kayit;5;;Kalite Kontrol
91043;29.05.2023 11:29:00;36;192.168.1.164;0;Kalite Kontrol Form degeri kayit;5;;Kalite Kontrol
91044;29.05.2023 11:29:00;36;192.168.1.164;0;Kalite Kontrol Form degeri kayit;5;;Kalite Kontrol
91045;29.05.2023 11:29:00;36;192.168.1.164;0;Kalite Kontrol Form degeri kayit;5;;Kalite Kontrol
91046;29.05.2023 11:29:00;36;192.168.1.164;0;Kalite Kontrol Form degeri kayit;5;;Kalite Kontrol
91047;29.05.2023 11:29:00;36;192.168.1.164;0;Kalite Kontrol Form degeri kayit;5;;Kalite Kontrol
91048;29.05.2023 11:29:00;36;192.168.1.164;0;Kalite Kontrol Form degeri kayit;5;;Kalite Kontrol
91049;29.05.2023 11:29:00;36;192.168.1.164;0;Kalite Kontrol Form degeri kayit;5;;Kalite Kontrol
91050;29.05.2023 11:29:00;36;192.168.1.164;0;Kalite Kontrol Form degeri kayit;5;;Kalite Kontrol
91051;29.05.2023 11:29:00;36;192.168.1.164;0;Kalite Kontrol Form degeri kayit;5;;Kalite Kontrol
91052;29.05.2023 11:29:00;36;192.168.1.164;0;Kalite Kontrol Form degeri kayit;5;;Kalite Kontrol
91053;29.05.2023 11:29:00;36;192.168.1.164;0;Kalite Kontrol Form degeri kayit;5;;Kalite Kontrol
91054;29.05.2023 11:29:00;36;192.168.1.164;0;Kalite Kontrol Form degeri kayit;5;;Kalite Kontrol
91055;29.05.2023 11:29:00;36;192.168.1.164;0;Kalite Kontrol Form degeri kayit;5;;Kalite Kontrol
91056;29.05.2023 11:29:00;36;192.168.1.164;0;Kalite Kontrol Form degeri kayit;5;;Kalite Kontrol
91057;29.05.2023 11:29:00;36;192.168.1.164;0;Kalite Kontrol Form degeri kayit;5;;Kalite Kontrol
91058;29.05.2023 11:29:00;36;192.168.1.164;0;Kalite Kontrol Form degeri kayit;5;;Kalite Kontrol
91059;29.05.2023 11:29:00;36;192.168.1.164;0;Kalite Kontrol Form degeri kayit;5;;Kalite Kontrol
91060;29.05.2023 11:30:00;36;192.168.1.164;0;Kalite Kontrol Form degeri kayit;5;;Kalite Kontrol
91061;29.05.2023 11:30:00;36;192.168.1.164;0;Kalite Kontrol Form degeri kayit;5;;Kalite Kontrol
91062;29.05.2023 11:30:00;36;192.168.1.164;0;Kalite Kontrol Form degeri kayit;5;;Kalite Kontrol
91063;29.05.2023 11:30:00;36;192.168.1.164;0;Kalite Kontrol Form degeri kayit;5;;Kalite Kontrol
91064;29.05.2023 11:30:00;36;192.168.1.164;0;Kalite Kontrol Form degeri kayit;5;;Kalite Kontrol
91065;29.05.2023 11:30:00;36;192.168.1.164;0;Kalite Kontrol Form degeri kayit;5;;Kalite Kontrol
91066;29.05.2023 11:30:00;36;192.168.1.164;0;Kalite Kontrol Form degeri kayit;5;;Kalite Kontrol
91067;29.05.2023 11:30:00;36;192.168.1.164;0;Kalite Kontrol Form degeri kayit;5;;Kalite Kontrol
91068;29.05.2023 11:30:00;36;192.168.1.164;0;Kalite Kontrol Form degeri kayit;5;;Kalite Kontrol
91069;29.05.2023 11:30:00;36;192.168.1.164;0;Kalite Kontrol Form degeri kayit;5;;Kalite Kontrol
91070;29.05.2023 11:30:00;36;192.168.1.164;0;Kalite Kontrol Form degeri kayit;5;;Kalite Kontrol
91071;29.05.2023 11:30:00;36;192.168.1.164;0;Kalite Kontrol Form degeri kayit;5;;Kalite Kontrol
91072;29.05.2023 11:30:00;36;192.168.1.164;0;Kalite Kontrol Form degeri kayit;5;;Kalite Kontrol
91073;29.05.2023 11:30:00;36;192.168.1.164;0;Kalite Kontrol Form degeri kayit;5;;Kalite Kontrol
91074;29.05.2023 11:30:00;36;192.168.1.164;0;Kalite Kontrol Form degeri kayit;5;;Kalite Kontrol
91075;29.05.2023 11:30:00;36;192.168.1.164;0;Kalite Kontrol Form degeri kayit;5;;Kalite Kontrol
91076;29.05.2023 11:30:00;36;192.168.1.164;0;Kalite Kontrol Form degeri kayit;5;;Kalite Kontrol
91077;29.05.2023 11:30:00;36;192.168.1.164;0;Kalite Kontrol Form degeri kayit;5;;Kalite Kontrol
91078;29.05.2023 11:30:00;36;192.168.1.164;0;Kalite Kontrol Form degeri kayit;5;;Kalite Kontrol
91079;29.05.2023 11:30:00;36;192.168.1.164;0;Kalite Kontrol Form degeri kayit;5;;Kalite Kontrol
91080;29.05.2023 11:30:00;36;192.168.1.164;0;Kalite Kontrol Form degeri kayit;5;;Kalite Kontrol
91081;29.05.2023 11:30:00;36;192.168.1.164;0;Kalite Kontrol Form degeri kayit;5;;Kalite Kontrol
91082;29.05.2023 11:30:00;36;192.168.1.164;0;Kalite Kontrol Form degeri kayit;5;;Kalite Kontrol
91083;29.05.2023 11:30:00;36;192.168.1.164;0;Kalite Kontrol Form degeri kayit;5;;Kalite Kontrol
91084;29.05.2023 11:30:00;36;192.168.1.164;0;Kalite Kontrol Form degeri kayit;5;;Kalite Kontrol
91085;29.05.2023 11:30:00;36;192.168.1.164;0;Kalite Kontrol Form degeri kayit;5;;Kalite Kontrol
91086;29.05.2023 11:30:00;36;192.168.1.164;0;Kalite Kontrol Form degeri kayit;5;;Kalite Kontrol
91087;29.05.2023 11:30:00;36;192.168.1.164;0;Kalite Kontrol Form degeri kayit;5;;Kalite Kontrol
91088;29.05.2023 11:30:00;36;192.168.1.164;0;Kalite Kontrol Form degeri kayit;5;;Kalite Kontrol
91089;29.05.2023 11:30:00;36;192.168.1.164;0;Kalite Kontrol Form degeri kayit;5;;Kalite Kontrol
91090;29.05.2023 11:30:00;36;192.168.1.164;0;Kalite Kontrol Form degeri kayit;5;;Kalite Kontrol
91091;29.05.2023 11:30:00;36;192.168.1.164;0;Kalite Kontrol Form degeri kayit;5;;Kalite Kontrol
91092;29.05.2023 11:30:00;36;192.168.1.164;0;Kalite Kontrol Form degeri kayit;5;;Kalite Kontrol
91093;29.05.2023 11:30:00;36;192.168.1.164;0;Kalite Kontrol Form degeri kayit;5;;Kalite Kontrol
91094;29.05.2023 11:30:00;36;192.168.1.164;0;Kalite Kontrol Form degeri kayit;5;;Kalite Kontrol
91095;29.05.2023 11:30:00;36;192.168.1.164;0;Kalite Kontrol Form degeri kayit;5;;Kalite Kontrol
91096;29.05.2023 11:30:00;36;192.168.1.164;0;Kalite Kontrol Form degeri kayit;5;;Kalite Kontrol
91097;29.05.2023 11:30:00;28;192.168.1.128;0;Mal Kabul Ekrani Giris;5;;Lojistik
91098;29.05.2023 11:32:00;28;192.168.1.128;0;Mal Kabul Belge Kayit:DLF202300000521;5;;Mal Kabul
91099;29.05.2023 11:32:00;36;192.168.1.164;0;Kalite Kontrol Form degeri kayit;5;;Kalite Kontrol
91100;29.05.2023 11:32:00;36;192.168.1.164;0;Kalite Kontrol Form degeri kayit;5;;Kalite Kontrol
91101;29.05.2023 11:33:00;28;192.168.1.128;0;Mal Kabul Belge Kayit:DLF202300000521;5;;Mal Kabul
91102;29.05.2023 11:33:00;0;192.168.1.250;0;Sifre Giris Ekrani;5;;
91103;29.05.2023 11:34:00;36;192.168.1.164;0;Kalite Kontrol Formu olusturma;5;;Kalite Kontrol
91104;29.05.2023 11:34:00;36;192.168.1.164;0;Kalite Kontrol Formu olusturma;5;;Kalite Kontrol
91105;29.05.2023 11:35:00;36;192.168.1.164;0;Kalite Kontrol Form degeri kayit;5;;Kalite Kontrol
91106;29.05.2023 11:35:00;36;192.168.1.164;0;Kalite Kontrol Form degeri kayit;5;;Kalite Kontrol
91107;29.05.2023 11:35:00;36;192.168.1.164;0;Kalite Kontrol Form degeri kayit;5;;Kalite Kontrol
91108;29.05.2023 11:35:00;36;192.168.1.164;0;Kalite Kontrol Form degeri kayit;5;;Kalite Kontrol
91109;29.05.2023 11:35:00;36;192.168.1.164;0;Kalite Kontrol Form degeri kayit;5;;Kalite Kontrol
91110;29.05.2023 11:35:00;36;192.168.1.164;0;Kalite Kontrol Form degeri kayit;5;;Kalite Kontrol
91111;29.05.2023 11:35:00;36;192.168.1.164;0;Kalite Kontrol Form degeri kayit;5;;Kalite Kontrol
91112;29.05.2023 11:35:00;36;192.168.1.164;0;Kalite Kontrol Form degeri kayit;5;;Kalite Kontrol
91113;29.05.2023 11:35:00;36;192.168.1.164;0;Kalite Kontrol Form degeri kayit;5;;Kalite Kontrol
91114;29.05.2023 11:35:00;36;192.168.1.164;0;Kalite Kontrol Form degeri kayit;5;;Kalite Kontrol
91115;29.05.2023 11:35:00;36;192.168.1.164;0;Kalite Kontrol Form degeri kayit;5;;Kalite Kontrol
91116;29.05.2023 11:35:00;36;192.168.1.164;0;Kalite Kontrol Form degeri kayit;5;;Kalite Kontrol
91117;29.05.2023 11:35:00;36;192.168.1.164;0;Kalite Kontrol Form degeri kayit;5;;Kalite Kontrol
91118;29.05.2023 11:35:00;36;192.168.1.164;0;Kalite Kontrol Form degeri kayit;5;;Kalite Kontrol
91119;29.05.2023 11:35:00;36;192.168.1.164;0;Kalite Kontrol Form degeri kayit;5;;Kalite Kontrol
91120;29.05.2023 11:36:00;36;192.168.1.164;0;Kalite Kontrol Form degeri kayit;5;;Kalite Kontrol
91121;29.05.2023 11:36:00;36;192.168.1.164;0;Kalite Kontrol Form degeri kayit;5;;Kalite Kontrol
91122;29.05.2023 11:36:00;36;192.168.1.164;0;Kalite Kontrol Form degeri kayit;5;;Kalite Kontrol
91123;29.05.2023 11:36:00;36;192.168.1.164;0;Kalite Kontrol Form degeri kayit;5;;Kalite Kontrol
91124;29.05.2023 11:36:00;36;192.168.1.164;0;Kalite Kontrol Form degeri kayit;5;;Kalite Kontrol
91125;29.05.2023 11:36:00;36;192.168.1.164;0;Kalite Kontrol Form degeri kayit;5;;Kalite Kontrol
91126;29.05.2023 11:36:00;36;192.168.1.164;0;Kalite Kontrol Form degeri kayit;5;;Kalite Kontrol
91127;29.05.2023 11:36:00;36;192.168.1.164;0;Kalite Kontrol Form degeri kayit;5;;Kalite Kontrol
91128;29.05.2023 11:36:00;36;192.168.1.164;0;Kalite Kontrol Form degeri kayit;5;;Kalite Kontrol
91129;29.05.2023 11:36:00;36;192.168.1.164;0;Kalite Kontrol Form degeri kayit;5;;Kalite Kontrol
91130;29.05.2023 11:36:00;36;192.168.1.164;0;Kalite Kontrol Form degeri kayit;5;;Kalite Kontrol
91131;29.05.2023 11:36:00;36;192.168.1.164;0;Kalite Kontrol Form degeri kayit;5;;Kalite Kontrol
91132;29.05.2023 11:36:00;36;192.168.1.164;0;Kalite Kontrol Form degeri kayit;5;;Kalite Kontrol
91133;29.05.2023 11:36:00;36;192.168.1.164;0;Kalite Kontrol Form degeri kayit;5;;Kalite Kontrol
91134;29.05.2023 11:36:00;36;192.168.1.164;0;Kalite Kontrol Form degeri kayit;5;;Kalite Kontrol
91135;29.05.2023 11:36:00;36;192.168.1.164;0;Kalite Kontrol Form degeri kayit;5;;Kalite Kontrol
91136;29.05.2023 11:36:00;36;192.168.1.164;0;Kalite Kontrol Form degeri kayit;5;;Kalite Kontrol
91137;29.05.2023 11:36:00;36;192.168.1.164;0;Kalite Kontrol Form degeri kayit;5;;Kalite Kontrol
91138;29.05.2023 11:36:00;36;192.168.1.164;0;Kalite Kontrol Form degeri kayit;5;;Kalite Kontrol
91139;29.05.2023 11:36:00;36;192.168.1.164;0;Kalite Kontrol Form degeri kayit;5;;Kalite Kontrol
91140;29.05.2023 11:36:00;36;192.168.1.164;0;Kalite Kontrol Form degeri kayit;5;;Kalite Kontrol
91141;29.05.2023 11:36:00;36;192.168.1.164;0;Kalite Kontrol Form degeri kayit;5;;Kalite Kontrol
91142;29.05.2023 11:36:00;36;192.168.1.164;0;Kalite Kontrol Form degeri kayit;5;;Kalite Kontrol
91143;29.05.2023 11:36:00;36;192.168.1.164;0;Kalite Kontrol Form degeri kayit;5;;Kalite Kontrol
91144;29.05.2023 11:36:00;36;192.168.1.164;0;Kalite Kontrol Form degeri kayit;5;;Kalite Kontrol
91145;29.05.2023 11:36:00;36;192.168.1.164;0;Kalite Kontrol Form degeri kayit;5;;Kalite Kontrol
91146;29.05.2023 11:36:00;36;192.168.1.164;0;Kalite Kontrol Form degeri kayit;5;;Kalite Kontrol
91147;29.05.2023 11:36:00;36;192.168.1.164;0;Kalite Kontrol Form degeri kayit;5;;Kalite Kontrol
91148;29.05.2023 11:36:00;36;192.168.1.164;0;Kalite Kontrol Form degeri kayit;5;;Kalite Kontrol
91149;29.05.2023 11:36:00;36;192.168.1.164;0;Kalite Kontrol Form degeri kayit;5;;Kalite Kontrol
91150;29.05.2023 11:36:00;36;192.168.1.164;0;Kalite Kontrol Form degeri kayit;5;;Kalite Kontrol
91151;29.05.2023 11:36:00;36;192.168.1.164;0;Kalite Kontrol Form degeri kayit;5;;Kalite Kontrol
91152;29.05.2023 11:36:00;36;192.168.1.164;0;Kalite Kontrol Form degeri kayit;5;;Kalite Kontrol
91153;29.05.2023 11:36:00;36;192.168.1.164;0;Kalite Kontrol Form degeri kayit;5;;Kalite Kontrol
91154;29.05.2023 11:36:00;36;192.168.1.164;0;Kalite Kontrol Form degeri kayit;5;;Kalite Kontrol
91155;29.05.2023 11:36:00;36;192.168.1.164;0;Kalite Kontrol Form degeri kayit;5;;Kalite Kontrol
91156;29.05.2023 11:36:00;36;192.168.1.164;0;Kalite Kontrol Form degeri kayit;5;;Kalite Kontrol
91157;29.05.2023 11:36:00;36;192.168.1.164;0;Kalite Kontrol Form degeri kayit;5;;Kalite Kontrol
91158;29.05.2023 11:36:00;36;192.168.1.164;0;Kalite Kontrol Form degeri kayit;5;;Kalite Kontrol
91159;29.05.2023 11:36:00;36;192.168.1.164;0;Kalite Kontrol Form degeri kayit;5;;Kalite Kontrol
91160;29.05.2023 11:36:00;36;192.168.1.164;0;Kalite Kontrol Form degeri kayit;5;;Kalite Kontrol
91161;29.05.2023 11:36:00;36;192.168.1.164;0;Kalite Kontrol Form degeri kayit;5;;Kalite Kontrol
91162;29.05.2023 11:36:00;0;192.168.1.250;0;Sifre Giris Ekrani;5;;
91163;29.05.2023 11:38:00;36;192.168.1.164;0;Kalite kontrol formlari listendi;5;;Kalite Kontrol
91164;29.05.2023 11:38:00;36;192.168.1.164;0;Kalite Kontrol Bekleyen Ürünler Ekrani;5;;Kalite Kontrol
91165;29.05.2023 11:39:00;36;192.168.1.164;0;Kalite kontrol formlari listendi;5;;Kalite Kontrol
91166;29.05.2023 11:40:00;36;192.168.1.164;0;Kalite Kontrol Bekleyen Ürünler Ekrani;5;;Kalite Kontrol
91167;29.05.2023 11:40:00;28;192.168.1.128;0;Stok Listesi Ekrani;5;;Stok
91168;29.05.2023 11:40:00;36;192.168.1.164;378;Stok girisi kalite kontrol onayi;5;;Kalite Kontrol
91169;29.05.2023 11:40:00;28;192.168.1.128;0;Stok Listesi Ekrani;5;;Stok
91170;29.05.2023 11:41:00;36;192.168.1.164;0;Kalite Kontrol ürün kabul: 378;5;;Kalite Kontrol
91171;29.05.2023 11:41:00;36;192.168.1.164;0;Kalite Kontrol Bekleyen Ürünler Ekrani;5;;Kalite Kontrol
91172;29.05.2023 11:41:00;36;192.168.1.164;379;Stok girisi kalite kontrol onayi;5;;Kalite Kontrol
91173;29.05.2023 11:41:00;28;192.168.1.128;265;Stok Depo Miktarlari Detay;5;;stok
91174;29.05.2023 11:41:00;36;192.168.1.164;0;Kalite Kontrol ürün kabul: 379;5;;Kalite Kontrol
91175;29.05.2023 11:41:00;36;192.168.1.164;0;Kalite Kontrol Bekleyen Ürünler Ekrani;5;;Kalite Kontrol
91176;29.05.2023 11:41:00;36;192.168.1.164;0;Kalite kontrol formlari listendi;5;;Kalite Kontrol
91177;29.05.2023 11:41:00;36;192.168.1.164;0;Kalite Kontrol Formu olusturma;5;;Kalite Kontrol
91178;29.05.2023 11:41:00;28;192.168.1.128;265;Stok Depo Miktarlari Detay;5;;stok
91179;29.05.2023 11:41:00;28;192.168.1.128;265;Stok Düzenleme Ekrani Girisi;5;;Stok
91180;29.05.2023 11:41:00;36;192.168.1.164;0;Kalite Kontrol Formu olusturma;5;;Kalite Kontrol
91181;29.05.2023 11:41:00;28;192.168.1.128;0;Stok Miktari Güncelleme. ISLEM: miktarCik MIKTAR: 400;5;;
91182;29.05.2023 11:41:00;28;192.168.1.128;265;Stok Düzenleme Ekrani Girisi;5;;Stok
91183;29.05.2023 11:41:00;28;192.168.1.128;0;Stok Listesi Ekrani;5;;Stok
91184;29.05.2023 11:41:00;36;192.168.1.164;0;Kalite Kontrol Form degeri kayit;5;;Kalite Kontrol
91185;29.05.2023 11:41:00;36;192.168.1.164;0;Kalite Kontrol Form degeri kayit;5;;Kalite Kontrol
91186;29.05.2023 11:41:00;36;192.168.1.164;0;Kalite Kontrol Form degeri kayit;5;;Kalite Kontrol
91187;29.05.2023 11:41:00;36;192.168.1.164;0;Kalite Kontrol Form degeri kayit;5;;Kalite Kontrol
91188;29.05.2023 11:41:00;36;192.168.1.164;0;Kalite Kontrol Form degeri kayit;5;;Kalite Kontrol
91189;29.05.2023 11:41:00;36;192.168.1.164;0;Kalite Kontrol Form degeri kayit;5;;Kalite Kontrol
91190;29.05.2023 11:42:00;36;192.168.1.164;0;Kalite Kontrol Form degeri kayit;5;;Kalite Kontrol
91191;29.05.2023 11:42:00;36;192.168.1.164;0;Kalite Kontrol Form degeri kayit;5;;Kalite Kontrol
91192;29.05.2023 11:42:00;36;192.168.1.164;0;Kalite Kontrol Form degeri kayit;5;;Kalite Kontrol
91193;29.05.2023 11:42:00;36;192.168.1.164;0;Kalite Kontrol Form degeri kayit;5;;Kalite Kontrol
91194;29.05.2023 11:42:00;36;192.168.1.164;0;Kalite Kontrol Form degeri kayit;5;;Kalite Kontrol
91195;29.05.2023 11:42:00;36;192.168.1.164;0;Kalite Kontrol Form degeri kayit;5;;Kalite Kontrol
91196;29.05.2023 11:42:00;36;192.168.1.164;0;Kalite Kontrol Form degeri kayit;5;;Kalite Kontrol
91197;29.05.2023 11:42:00;28;192.168.1.128;0;Stok Listesi Ekrani;5;;Stok
91198;29.05.2023 11:42:00;36;192.168.1.164;0;Kalite Kontrol Form degeri kayit;5;;Kalite Kontrol
91199;29.05.2023 11:42:00;36;192.168.1.164;0;Kalite Kontrol Form degeri kayit;5;;Kalite Kontrol
91200;29.05.2023 11:42:00;36;192.168.1.164;0;Kalite Kontrol Form degeri kayit;5;;Kalite Kontrol
91201;29.05.2023 11:42:00;36;192.168.1.164;0;Kalite Kontrol Form degeri kayit;5;;Kalite Kontrol
91202;29.05.2023 11:42:00;36;192.168.1.164;0;Kalite Kontrol Form degeri kayit;5;;Kalite Kontrol
91203;29.05.2023 11:42:00;36;192.168.1.164;0;Kalite Kontrol Form degeri kayit;5;;Kalite Kontrol
91204;29.05.2023 11:42:00;36;192.168.1.164;0;Kalite Kontrol Form degeri kayit;5;;Kalite Kontrol
91205;29.05.2023 11:42:00;36;192.168.1.164;0;Kalite Kontrol Form degeri kayit;5;;Kalite Kontrol
91206;29.05.2023 11:42:00;36;192.168.1.164;0;Kalite Kontrol Form degeri kayit;5;;Kalite Kontrol
91207;29.05.2023 11:42:00;36;192.168.1.164;0;Kalite Kontrol Form degeri kayit;5;;Kalite Kontrol
91208;29.05.2023 11:42:00;36;192.168.1.164;0;Kalite Kontrol Form degeri kayit;5;;Kalite Kontrol
91209;29.05.2023 11:42:00;36;192.168.1.164;0;Kalite Kontrol Form degeri kayit;5;;Kalite Kontrol
91210;29.05.2023 11:42:00;36;192.168.1.164;0;Kalite Kontrol Form degeri kayit;5;;Kalite Kontrol
91211;29.05.2023 11:42:00;36;192.168.1.164;0;Kalite Kontrol Form degeri kayit;5;;Kalite Kontrol
91212;29.05.2023 11:42:00;36;192.168.1.164;0;Kalite Kontrol Form degeri kayit;5;;Kalite Kontrol
91213;29.05.2023 11:42:00;36;192.168.1.164;0;Kalite Kontrol Form degeri kayit;5;;Kalite Kontrol
91214;29.05.2023 11:42:00;36;192.168.1.164;0;Kalite Kontrol Form degeri kayit;5;;Kalite Kontrol
91215;29.05.2023 11:42:00;36;192.168.1.164;0;Kalite Kontrol Form degeri kayit;5;;Kalite Kontrol
91216;29.05.2023 11:42:00;36;192.168.1.164;0;Kalite Kontrol Form degeri kayit;5;;Kalite Kontrol
91217;29.05.2023 11:42:00;36;192.168.1.164;0;Kalite Kontrol Form degeri kayit;5;;Kalite Kontrol
91218;29.05.2023 11:42:00;36;192.168.1.164;0;Kalite Kontrol Form degeri kayit;5;;Kalite Kontrol
91219;29.05.2023 11:42:00;36;192.168.1.164;0;Kalite Kontrol Form degeri kayit;5;;Kalite Kontrol
91220;29.05.2023 11:42:00;36;192.168.1.164;0;Kalite Kontrol Form degeri kayit;5;;Kalite Kontrol
91221;29.05.2023 11:42:00;36;192.168.1.164;0;Kalite Kontrol Form degeri kayit;5;;Kalite Kontrol
91222;29.05.2023 11:42:00;36;192.168.1.164;0;Kalite Kontrol Form degeri kayit;5;;Kalite Kontrol
91223;29.05.2023 11:42:00;28;192.168.1.128;265;Stok Depo Miktarlari Detay;5;;stok
91224;29.05.2023 11:42:00;36;192.168.1.164;0;Kalite Kontrol Form degeri kayit;5;;Kalite Kontrol
91225;29.05.2023 11:42:00;36;192.168.1.164;0;Kalite Kontrol Form degeri kayit;5;;Kalite Kontrol
91226;29.05.2023 11:42:00;36;192.168.1.164;0;Kalite Kontrol Form degeri kayit;5;;Kalite Kontrol
91227;29.05.2023 11:42:00;36;192.168.1.164;0;Kalite Kontrol Form degeri kayit;5;;Kalite Kontrol
91228;29.05.2023 11:42:00;36;192.168.1.164;0;Kalite Kontrol Form degeri kayit;5;;Kalite Kontrol
91229;29.05.2023 11:42:00;36;192.168.1.164;0;Kalite Kontrol Form degeri kayit;5;;Kalite Kontrol
91230;29.05.2023 11:42:00;36;192.168.1.164;0;Kalite Kontrol Form degeri kayit;5;;Kalite Kontrol
91231;29.05.2023 11:42:00;36;192.168.1.164;0;Kalite Kontrol Form degeri kayit;5;;Kalite Kontrol
91232;29.05.2023 11:42:00;36;192.168.1.164;0;Kalite Kontrol Form degeri kayit;5;;Kalite Kontrol
91233;29.05.2023 11:42:00;36;192.168.1.164;0;Kalite Kontrol Form degeri kayit;5;;Kalite Kontrol
91234;29.05.2023 11:42:00;36;192.168.1.164;0;Kalite Kontrol Form degeri kayit;5;;Kalite Kontrol
91235;29.05.2023 11:42:00;36;192.168.1.164;0;Kalite Kontrol Form degeri kayit;5;;Kalite Kontrol
91236;29.05.2023 11:42:00;36;192.168.1.164;0;Kalite Kontrol Form degeri kayit;5;;Kalite Kontrol
91237;29.05.2023 11:42:00;36;192.168.1.164;0;Kalite Kontrol Form degeri kayit;5;;Kalite Kontrol
91238;29.05.2023 11:42:00;36;192.168.1.164;0;Kalite Kontrol Form degeri kayit;5;;Kalite Kontrol
91239;29.05.2023 11:42:00;36;192.168.1.164;0;Kalite Kontrol Form degeri kayit;5;;Kalite Kontrol
91240;29.05.2023 11:42:00;36;192.168.1.164;0;Kalite Kontrol Form degeri kayit;5;;Kalite Kontrol
91241;29.05.2023 11:42:00;28;192.168.1.128;265;Stok Düzenleme Ekrani Girisi;5;;Stok
91242;29.05.2023 11:42:00;36;192.168.1.164;0;Kalite Kontrol Form degeri kayit;5;;Kalite Kontrol
91243;29.05.2023 11:42:00;36;192.168.1.164;0;Kalite Kontrol Form degeri kayit;5;;Kalite Kontrol
91244;29.05.2023 11:42:00;36;192.168.1.164;0;Kalite Kontrol Form degeri kayit;5;;Kalite Kontrol
91245;29.05.2023 11:42:00;36;192.168.1.164;0;Kalite Kontrol Form degeri kayit;5;;Kalite Kontrol
91246;29.05.2023 11:42:00;36;192.168.1.164;0;Kalite Kontrol Form degeri kayit;5;;Kalite Kontrol
91247;29.05.2023 11:42:00;36;192.168.1.164;0;Kalite Kontrol Form degeri kayit;5;;Kalite Kontrol
91248;29.05.2023 11:42:00;28;192.168.1.128;0;Stok Miktari Güncelleme. ISLEM: miktarCik MIKTAR: 50;5;;
91249;29.05.2023 11:42:00;28;192.168.1.128;265;Stok Düzenleme Ekrani Girisi;5;;Stok
91250;29.05.2023 11:42:00;28;192.168.1.128;0;Stok Listesi Ekrani;5;;Stok
91251;29.05.2023 11:42:00;28;192.168.1.128;0;Stok Listesi Ekrani;5;;Stok
91252;29.05.2023 11:43:00;36;192.168.1.164;0;Kalite Kontrol Form degeri kayit;5;;Kalite Kontrol
91253;29.05.2023 11:43:00;36;192.168.1.164;0;Kalite Kontrol Form degeri kayit;5;;Kalite Kontrol
91254;29.05.2023 11:43:00;28;192.168.1.128;0;Stok Listesi Ekrani;5;;Stok
91255;29.05.2023 11:43:00;28;192.168.1.128;260;Stok Depo Miktarlari Detay;5;;stok
91256;29.05.2023 11:43:00;0;192.168.1.250;0;Sifre Giris Ekrani;5;;
91257;29.05.2023 11:43:00;28;192.168.1.128;260;Stok Düzenleme Ekrani Girisi;5;;Stok
91258;29.05.2023 11:43:00;28;192.168.1.128;0;Stok Miktari Güncelleme. ISLEM: miktarGir MIKTAR: 28;5;;
91259;29.05.2023 11:43:00;28;192.168.1.128;260;Stok Düzenleme Ekrani Girisi;5;;Stok
91260;29.05.2023 11:43:00;28;192.168.1.128;0;Stok Listesi Ekrani;5;;Stok
91261;29.05.2023 11:43:00;36;192.168.1.164;0;Kalite Kontrol Formu olusturma;5;;Kalite Kontrol
91262;29.05.2023 11:43:00;36;192.168.1.164;0;Kalite Kontrol Formu olusturma;5;;Kalite Kontrol
91263;29.05.2023 11:43:00;28;192.168.1.128;0;Stok Listesi Ekrani;5;;Stok
91264;29.05.2023 11:43:00;36;192.168.1.164;0;Kalite Kontrol Form degeri kayit;5;;Kalite Kontrol
91265;29.05.2023 11:43:00;36;192.168.1.164;0;Kalite Kontrol Form degeri kayit;5;;Kalite Kontrol
91266;29.05.2023 11:43:00;36;192.168.1.164;0;Kalite Kontrol Form degeri kayit;5;;Kalite Kontrol
91267;29.05.2023 11:44:00;36;192.168.1.164;0;Kalite Kontrol Formu olusturma;5;;Kalite Kontrol
91268;29.05.2023 11:44:00;36;192.168.1.164;0;Kalite Kontrol Formu olusturma;5;;Kalite Kontrol
91269;29.05.2023 11:44:00;28;192.168.1.128;255;Stok Depo Miktarlari Detay;5;;stok
91270;29.05.2023 11:44:00;36;192.168.1.164;0;Kalite Kontrol Form degeri kayit;5;;Kalite Kontrol
91271;29.05.2023 11:44:00;36;192.168.1.164;0;Kalite Kontrol Form degeri kayit;5;;Kalite Kontrol
91272;29.05.2023 11:44:00;36;192.168.1.164;0;Kalite Kontrol Form degeri kayit;5;;Kalite Kontrol
91273;29.05.2023 11:44:00;36;192.168.1.164;0;Kalite Kontrol Form degeri kayit;5;;Kalite Kontrol
91274;29.05.2023 11:44:00;36;192.168.1.164;0;Kalite Kontrol Form degeri kayit;5;;Kalite Kontrol
91275;29.05.2023 11:44:00;36;192.168.1.164;0;Kalite Kontrol Form degeri kayit;5;;Kalite Kontrol
91276;29.05.2023 11:44:00;36;192.168.1.164;0;Kalite Kontrol Form degeri kayit;5;;Kalite Kontrol
91277;29.05.2023 11:44:00;36;192.168.1.164;0;Kalite Kontrol Form degeri kayit;5;;Kalite Kontrol
91278;29.05.2023 11:44:00;36;192.168.1.164;0;Kalite Kontrol Form degeri kayit;5;;Kalite Kontrol
91279;29.05.2023 11:44:00;36;192.168.1.164;0;Kalite Kontrol Form degeri kayit;5;;Kalite Kontrol
91280;29.05.2023 11:44:00;36;192.168.1.164;0;Kalite Kontrol Form degeri kayit;5;;Kalite Kontrol
91281;29.05.2023 11:44:00;36;192.168.1.164;0;Kalite Kontrol Form degeri kayit;5;;Kalite Kontrol
91282;29.05.2023 11:44:00;36;192.168.1.164;0;Kalite Kontrol Form degeri kayit;5;;Kalite Kontrol
91283;29.05.2023 11:44:00;36;192.168.1.164;0;Kalite Kontrol Form degeri kayit;5;;Kalite Kontrol
91284;29.05.2023 11:44:00;36;192.168.1.164;0;Kalite Kontrol Form degeri kayit;5;;Kalite Kontrol
91285;29.05.2023 11:44:00;36;192.168.1.164;0;Kalite Kontrol Form degeri kayit;5;;Kalite Kontrol
91286;29.05.2023 11:44:00;36;192.168.1.164;0;Kalite Kontrol Form degeri kayit;5;;Kalite Kontrol
91287;29.05.2023 11:44:00;36;192.168.1.164;0;Kalite Kontrol Form degeri kayit;5;;Kalite Kontrol
91288;29.05.2023 11:44:00;36;192.168.1.164;0;Kalite Kontrol Form degeri kayit;5;;Kalite Kontrol
91289;29.05.2023 11:44:00;36;192.168.1.164;0;Kalite Kontrol Form degeri kayit;5;;Kalite Kontrol
91290;29.05.2023 11:44:00;36;192.168.1.164;0;Kalite Kontrol Form degeri kayit;5;;Kalite Kontrol
91291;29.05.2023 11:44:00;36;192.168.1.164;0;Kalite Kontrol Form degeri kayit;5;;Kalite Kontrol
91292;29.05.2023 11:44:00;36;192.168.1.164;0;Kalite Kontrol Form degeri kayit;5;;Kalite Kontrol
91293;29.05.2023 11:44:00;36;192.168.1.164;0;Kalite Kontrol Form degeri kayit;5;;Kalite Kontrol
91294;29.05.2023 11:44:00;36;192.168.1.164;0;Kalite Kontrol Form degeri kayit;5;;Kalite Kontrol
91295;29.05.2023 11:44:00;36;192.168.1.164;0;Kalite Kontrol Form degeri kayit;5;;Kalite Kontrol
91296;29.05.2023 11:44:00;36;192.168.1.164;0;Kalite Kontrol Form degeri kayit;5;;Kalite Kontrol
91297;29.05.2023 11:44:00;36;192.168.1.164;0;Kalite Kontrol Form degeri kayit;5;;Kalite Kontrol
91298;29.05.2023 11:44:00;36;192.168.1.164;0;Kalite Kontrol Form degeri kayit;5;;Kalite Kontrol
91299;29.05.2023 11:44:00;36;192.168.1.164;0;Kalite Kontrol Form degeri kayit;5;;Kalite Kontrol
91300;29.05.2023 11:44:00;36;192.168.1.164;0;Kalite Kontrol Form degeri kayit;5;;Kalite Kontrol
91301;29.05.2023 11:44:00;36;192.168.1.164;0;Kalite Kontrol Form degeri kayit;5;;Kalite Kontrol
91302;29.05.2023 11:44:00;36;192.168.1.164;0;Kalite Kontrol Form degeri kayit;5;;Kalite Kontrol
91303;29.05.2023 11:44:00;36;192.168.1.164;0;Kalite Kontrol Form degeri kayit;5;;Kalite Kontrol
91304;29.05.2023 11:44:00;36;192.168.1.164;0;Kalite Kontrol Form degeri kayit;5;;Kalite Kontrol
91305;29.05.2023 11:44:00;36;192.168.1.164;0;Kalite Kontrol Form degeri kayit;5;;Kalite Kontrol
91306;29.05.2023 11:44:00;36;192.168.1.164;0;Kalite Kontrol Form degeri kayit;5;;Kalite Kontrol
91307;29.05.2023 11:44:00;36;192.168.1.164;0;Kalite Kontrol Form degeri kayit;5;;Kalite Kontrol
91308;29.05.2023 11:44:00;36;192.168.1.164;0;Kalite Kontrol Form degeri kayit;5;;Kalite Kontrol
91309;29.05.2023 11:44:00;36;192.168.1.164;0;Kalite Kontrol Form degeri kayit;5;;Kalite Kontrol
91310;29.05.2023 11:44:00;36;192.168.1.164;0;Kalite Kontrol Form degeri kayit;5;;Kalite Kontrol
91311;29.05.2023 11:44:00;36;192.168.1.164;0;Kalite Kontrol Form degeri kayit;5;;Kalite Kontrol
91312;29.05.2023 11:44:00;36;192.168.1.164;0;Kalite Kontrol Form degeri kayit;5;;Kalite Kontrol
91313;29.05.2023 11:44:00;36;192.168.1.164;0;Kalite Kontrol Form degeri kayit;5;;Kalite Kontrol
91314;29.05.2023 11:44:00;36;192.168.1.164;0;Kalite Kontrol Form degeri kayit;5;;Kalite Kontrol
91315;29.05.2023 11:44:00;36;192.168.1.164;0;Kalite Kontrol Form degeri kayit;5;;Kalite Kontrol
91316;29.05.2023 11:44:00;28;192.168.1.128;255;Stok Düzenleme Ekrani Girisi;5;;Stok
91317;29.05.2023 11:44:00;0;192.168.1.250;0;Sifre Giris Ekrani;5;;
91318;29.05.2023 11:45:00;28;192.168.1.128;0;Stok Listesi Ekrani;5;;Stok
91319;29.05.2023 11:45:00;28;192.168.1.128;0;Stok Listesi Ekrani;5;;Stok
91320;29.05.2023 11:45:00;28;192.168.1.128;0;Stok Miktari Güncelleme. ISLEM: miktarGir MIKTAR: 6763;5;;
91321;29.05.2023 11:45:00;28;192.168.1.128;255;Stok Düzenleme Ekrani Girisi;5;;Stok
91322;29.05.2023 11:45:00;28;192.168.1.128;0;Stok Listesi Ekrani;5;;Stok
91323;29.05.2023 11:45:00;28;192.168.1.128;0;Stok Listesi Ekrani;5;;Stok
91324;29.05.2023 11:46:00;28;192.168.1.128;336;Stok Depo Miktarlari Detay;5;;stok
91325;29.05.2023 11:46:00;28;192.168.1.128;336;Stok Düzenleme Ekrani Girisi;5;;Stok
91326;29.05.2023 11:46:00;28;192.168.1.128;0;Stok Miktari Güncelleme. ISLEM: miktarCik MIKTAR: 120;5;;
91327;29.05.2023 11:46:00;28;192.168.1.128;336;Stok Düzenleme Ekrani Girisi;5;;Stok
91328;29.05.2023 11:46:00;28;192.168.1.128;0;Stok Listesi Ekrani;5;;Stok
91329;29.05.2023 11:46:00;28;192.168.1.128;0;Stok Listesi Ekrani;5;;Stok
91330;29.05.2023 11:46:00;28;192.168.1.128;0;Stok Listesi Ekrani;5;;Stok
91331;29.05.2023 11:46:00;28;192.168.1.128;261;Stok Depo Miktarlari Detay;5;;stok
91332;29.05.2023 11:47:00;28;192.168.1.128;261;Stok Düzenleme Ekrani Girisi;5;;Stok
91333;29.05.2023 11:47:00;28;192.168.1.128;0;Stok Miktari Güncelleme. ISLEM: miktarCik MIKTAR: 222;5;;
91334;29.05.2023 11:47:00;28;192.168.1.128;261;Stok Düzenleme Ekrani Girisi;5;;Stok
91335;29.05.2023 11:47:00;28;192.168.1.128;0;Stok Listesi Ekrani;5;;Stok
91336;29.05.2023 11:47:00;28;192.168.1.128;0;Stok Listesi Ekrani;5;;Stok
91337;29.05.2023 11:47:00;28;192.168.1.128;0;Stok Listesi Ekrani;5;;Stok
91338;29.05.2023 11:48:00;28;192.168.1.128;252;Stok Depo Miktarlari Detay;5;;stok
91339;29.05.2023 11:48:00;28;192.168.1.128;252;Stok Düzenleme Ekrani Girisi;5;;Stok
91340;29.05.2023 11:48:00;28;192.168.1.128;0;Stok Miktari Güncelleme. ISLEM: miktarCik MIKTAR: 256;5;;
91341;29.05.2023 11:48:00;28;192.168.1.128;252;Stok Düzenleme Ekrani Girisi;5;;Stok
91342;29.05.2023 11:48:00;28;192.168.1.128;0;Stok Listesi Ekrani;5;;Stok
91343;29.05.2023 11:48:00;28;192.168.1.128;0;Stok Listesi Ekrani;5;;Stok
91344;29.05.2023 11:48:00;28;192.168.1.128;262;Stok Depo Miktarlari Detay;5;;stok
91345;29.05.2023 11:48:00;28;192.168.1.128;262;Stok Düzenleme Ekrani Girisi;5;;Stok
91346;29.05.2023 11:48:00;28;192.168.1.128;0;Stok Miktari Güncelleme. ISLEM: miktarCik MIKTAR: 1059;5;;
91347;29.05.2023 11:48:00;28;192.168.1.128;262;Stok Düzenleme Ekrani Girisi;5;;Stok
91348;29.05.2023 11:48:00;28;192.168.1.128;0;Stok Listesi Ekrani;5;;Stok
91349;29.05.2023 11:49:00;28;192.168.1.128;0;Stok Listesi Ekrani;5;;Stok
91350;29.05.2023 11:49:00;28;192.168.1.128;0;Stok Listesi Ekrani;5;;Stok
91351;29.05.2023 11:49:00;28;192.168.1.128;3003;Stok Depo Miktarlari Detay;5;;stok
91352;29.05.2023 11:49:00;36;192.168.1.164;0;Welcome Dashboard;5;;Dashboard
91353;29.05.2023 11:49:00;28;192.168.1.128;3003;Stok Düzenleme Ekrani Girisi;5;;Stok
91354;29.05.2023 11:49:00;28;192.168.1.128;0;Stok Miktari Güncelleme. ISLEM: miktarGir MIKTAR: 100;5;;
91355;29.05.2023 11:49:00;28;192.168.1.128;3003;Stok Düzenleme Ekrani Girisi;5;;Stok
91356;29.05.2023 11:49:00;28;192.168.1.128;0;Stok Listesi Ekrani;5;;Stok
91357;29.05.2023 11:50:00;28;192.168.1.128;0;Stok Listesi Ekrani;5;;Stok
91358;29.05.2023 11:50:00;28;192.168.1.128;60;Stok Depo Miktarlari Detay;5;;stok
91359;29.05.2023 11:50:00;28;192.168.1.128;60;Stok Düzenleme Ekrani Girisi;5;;Stok
91360;29.05.2023 11:50:00;28;192.168.1.128;0;Stok Miktari Güncelleme. ISLEM: miktarGir MIKTAR: 13;5;;
91361;29.05.2023 11:50:00;28;192.168.1.128;60;Stok Düzenleme Ekrani Girisi;5;;Stok
91362;29.05.2023 11:50:00;28;192.168.1.128;0;Stok Listesi Ekrani;5;;Stok
91363;29.05.2023 11:50:00;28;192.168.1.128;0;Stok Listesi Ekrani;5;;Stok
91364;29.05.2023 11:51:00;28;192.168.1.128;0;Stok Listesi Ekrani;5;;Stok
91365;29.05.2023 11:51:00;28;192.168.1.128;271;Stok Depo Miktarlari Detay;5;;stok
91366;29.05.2023 11:51:00;28;192.168.1.128;271;Stok Düzenleme Ekrani Girisi;5;;Stok
91367;29.05.2023 11:51:00;28;192.168.1.128;0;Stok Miktari Güncelleme. ISLEM: miktarCik MIKTAR: 1;5;;
91368;29.05.2023 11:51:00;28;192.168.1.128;271;Stok Düzenleme Ekrani Girisi;5;;Stok
91369;29.05.2023 11:51:00;28;192.168.1.128;0;Stok Listesi Ekrani;5;;Stok
91370;29.05.2023 11:51:00;28;192.168.1.128;0;Stok Listesi Ekrani;5;;Stok
91371;29.05.2023 11:51:00;28;192.168.1.128;272;Stok Depo Miktarlari Detay;5;;stok
91372;29.05.2023 11:51:00;28;192.168.1.128;272;Stok Düzenleme Ekrani Girisi;5;;Stok
91373;29.05.2023 11:52:00;28;192.168.1.128;0;Stok Miktari Güncelleme. ISLEM: miktarCik MIKTAR: 1;5;;
91374;29.05.2023 11:52:00;28;192.168.1.128;272;Stok Düzenleme Ekrani Girisi;5;;Stok
91375;29.05.2023 11:52:00;28;192.168.1.128;0;Stok Listesi Ekrani;5;;Stok
91376;29.05.2023 11:52:00;28;192.168.1.128;0;Stok Listesi Ekrani;5;;Stok
91377;29.05.2023 11:52:00;28;192.168.1.128;267;Stok Depo Miktarlari Detay;5;;stok
91378;29.05.2023 11:52:00;28;192.168.1.128;267;Stok Düzenleme Ekrani Girisi;5;;Stok
91379;29.05.2023 11:52:00;28;192.168.1.128;0;Stok Miktari Güncelleme. ISLEM: miktarCik MIKTAR: 2;5;;
91380;29.05.2023 11:52:00;28;192.168.1.128;267;Stok Düzenleme Ekrani Girisi;5;;Stok
91381;29.05.2023 11:52:00;28;192.168.1.128;0;Stok Listesi Ekrani;5;;Stok
91382;29.05.2023 11:58:00;2;127.0.0.1;0;Kalite kontrol formlari listendi;5;;Kalite Kontrol
91383;29.05.2023 11:58:00;2;127.0.0.1;0;Kalite Kontrol Formu olusturma;5;;Kalite Kontrol
91384;29.05.2023 11:58:00;2;127.0.0.1;0;Kalite Kontrol Formu olusturma;5;;Kalite Kontrol
91385;29.05.2023 11:58:00;0;::1;0;Sifre Giris Ekrani;5;;
91386;29.05.2023 11:59:00;0;::1;0;Sifre Giris Ekrani;5;;
91387;29.05.2023 11:59:00;0;127.0.0.1;0;Sifre Giris Ekrani;5;;
91388;29.05.2023 12:38:00;28;192.168.1.128;0;Stok Listesi Ekrani;5;;Stok
91389;29.05.2023 12:38:00;28;192.168.1.128;0;Stok Listesi Ekrani;5;;Stok
91390;29.05.2023 12:38:00;28;192.168.1.128;251;Stok Depo Miktarlari Detay;5;;stok
91391;29.05.2023 12:38:00;28;192.168.1.128;251;Stok Düzenleme Ekrani Girisi;5;;Stok
91392;29.05.2023 12:38:00;28;192.168.1.128;0;Stok Miktari Güncelleme. ISLEM: miktarGir MIKTAR: 43;5;;
91393;29.05.2023 12:38:00;28;192.168.1.128;251;Stok Düzenleme Ekrani Girisi;5;;Stok
91394;29.05.2023 12:38:00;28;192.168.1.128;0;Stok Listesi Ekrani;5;;Stok
91395;29.05.2023 12:39:00;28;192.168.1.128;0;Stok Listesi Ekrani;5;;Stok
91396;29.05.2023 12:39:00;28;192.168.1.128;257;Stok Depo Miktarlari Detay;5;;stok
91397;29.05.2023 12:40:00;28;192.168.1.128;257;Stok Düzenleme Ekrani Girisi;5;;Stok
91398;29.05.2023 12:40:00;28;192.168.1.128;0;Stok Miktari Güncelleme. ISLEM: miktarGir MIKTAR: 600;5;;
91399;29.05.2023 12:40:00;28;192.168.1.128;257;Stok Düzenleme Ekrani Girisi;5;;Stok
91400;29.05.2023 12:40:00;28;192.168.1.128;0;Stok Listesi Ekrani;5;;Stok
91401;29.05.2023 12:40:00;28;192.168.1.128;0;Stok Listesi Ekrani;5;;Stok
91402;29.05.2023 12:40:00;28;192.168.1.128;0;Stok Listesi Ekrani;5;;Stok
91403;29.05.2023 12:41:00;28;192.168.1.128;0;Stok Listesi Ekrani;5;;Stok
91404;29.05.2023 12:41:00;28;192.168.1.128;46;Stok Depo Miktarlari Detay;5;;stok
91405;29.05.2023 12:41:00;28;192.168.1.128;46;Stok Düzenleme Ekrani Girisi;5;;Stok
91406;29.05.2023 12:41:00;28;192.168.1.128;0;Stok Miktari Güncelleme. ISLEM: miktarGir MIKTAR: 247;5;;
91407;29.05.2023 12:41:00;28;192.168.1.128;46;Stok Düzenleme Ekrani Girisi;5;;Stok
91408;29.05.2023 12:41:00;28;192.168.1.128;0;Stok Listesi Ekrani;5;;Stok
91409;29.05.2023 12:41:00;28;192.168.1.128;0;Stok Listesi Ekrani;5;;Stok
91410;29.05.2023 12:42:00;28;192.168.1.128;0;Stok Listesi Ekrani;5;;Stok
91411;29.05.2023 12:42:00;28;192.168.1.128;47;Stok Depo Miktarlari Detay;5;;stok
91412;29.05.2023 12:42:00;28;192.168.1.128;47;Stok Düzenleme Ekrani Girisi;5;;Stok
91413;29.05.2023 12:42:00;28;192.168.1.128;0;Stok Miktari Güncelleme. ISLEM: miktarGir MIKTAR: 575;5;;
91414;29.05.2023 12:42:00;28;192.168.1.128;47;Stok Düzenleme Ekrani Girisi;5;;Stok
91415;29.05.2023 12:42:00;28;192.168.1.128;0;Stok Listesi Ekrani;5;;Stok
91416;29.05.2023 12:42:00;28;192.168.1.128;0;Stok Listesi Ekrani;5;;Stok
91417;29.05.2023 12:43:00;28;192.168.1.128;0;Stok Listesi Ekrani;5;;Stok
91418;29.05.2023 12:43:00;28;192.168.1.128;244;Stok Depo Miktarlari Detay;5;;stok
91419;29.05.2023 12:43:00;28;192.168.1.128;244;Stok Düzenleme Ekrani Girisi;5;;Stok
91420;29.05.2023 12:43:00;28;192.168.1.128;0;Stok Miktari Güncelleme. ISLEM: miktarCik MIKTAR: 1;5;;
91421;29.05.2023 12:43:00;28;192.168.1.128;244;Stok Düzenleme Ekrani Girisi;5;;Stok
91422;29.05.2023 12:43:00;28;192.168.1.128;0;Stok Listesi Ekrani;5;;Stok
91423;29.05.2023 12:43:00;28;192.168.1.128;0;Stok Listesi Ekrani;5;;Stok
91424;29.05.2023 12:43:00;28;192.168.1.128;0;Stok Listesi Ekrani;5;;Stok
91425;29.05.2023 12:43:00;28;192.168.1.128;0;Seçtiginiz kriterlerde kayit bulunamadi;5;;Stok
91426;29.05.2023 12:43:00;28;192.168.1.128;0;Stok Listesi Ekrani;5;;Stok
91427;29.05.2023 12:44:00;28;192.168.1.128;243;Stok Depo Miktarlari Detay;5;;stok
91428;29.05.2023 12:44:00;28;192.168.1.128;243;Stok Düzenleme Ekrani Girisi;5;;Stok
91429;29.05.2023 12:44:00;28;192.168.1.128;0;Stok Miktari Güncelleme. ISLEM: miktarGir MIKTAR: 2;5;;
91430;29.05.2023 12:44:00;28;192.168.1.128;243;Stok Düzenleme Ekrani Girisi;5;;Stok
91431;29.05.2023 12:44:00;28;192.168.1.128;0;Stok Listesi Ekrani;5;;Stok
91432;29.05.2023 12:44:00;28;192.168.1.128;0;Stok Listesi Ekrani;5;;Stok
91433;29.05.2023 12:45:00;28;192.168.1.128;48;Stok Depo Miktarlari Detay;5;;stok
91434;29.05.2023 12:45:00;28;192.168.1.128;48;Stok Düzenleme Ekrani Girisi;5;;Stok
91435;29.05.2023 12:45:00;28;192.168.1.128;0;Stok Miktari Güncelleme. ISLEM: miktarGir MIKTAR: 2197;5;;
91436;29.05.2023 12:45:00;28;192.168.1.128;48;Stok Düzenleme Ekrani Girisi;5;;Stok
91437;29.05.2023 12:45:00;28;192.168.1.128;0;Stok Listesi Ekrani;5;;Stok
91438;29.05.2023 12:45:00;28;192.168.1.128;0;Stok Listesi Ekrani;5;;Stok
91439;29.05.2023 12:46:00;28;192.168.1.128;0;Stok Listesi Ekrani;5;;Stok
91440;29.05.2023 12:46:00;32;192.168.1.248;0;Welcome Dashboard;5;;Dashboard
91441;29.05.2023 12:47:00;28;192.168.1.128;247;Stok Depo Miktarlari Detay;5;;stok
91442;29.05.2023 12:47:00;28;192.168.1.128;247;Stok Düzenleme Ekrani Girisi;5;;Stok
91443;29.05.2023 12:47:00;32;192.168.1.248;0;Teklif Listesi Ekrani;5;;Teklif
91444;29.05.2023 12:47:00;32;192.168.1.248;0;Kayit Basarili.;5;;Teklif
91445;29.05.2023 12:47:00;28;192.168.1.128;0;Stok Miktari Güncelleme. ISLEM: miktarGir MIKTAR: 543;5;;
91446;29.05.2023 12:47:00;28;192.168.1.128;247;Stok Düzenleme Ekrani Girisi;5;;Stok
91447;29.05.2023 12:47:00;28;192.168.1.128;0;Stok Listesi Ekrani;5;;Stok
91448;29.05.2023 12:47:00;28;192.168.1.128;0;Stok Listesi Ekrani;5;;Stok
91449;29.05.2023 12:47:00;32;192.168.1.248;0;Teklif kalemi kayit ediliyor;5;;
91450;29.05.2023 12:47:00;28;192.168.1.128;0;Stok Listesi Ekrani;5;;Stok
91451;29.05.2023 12:47:00;28;192.168.1.128;710;Stok Depo Miktarlari Detay;5;;stok
91452;29.05.2023 12:48:00;28;192.168.1.128;710;Stok Düzenleme Ekrani Girisi;5;;Stok
91453;29.05.2023 12:48:00;28;192.168.1.128;0;Stok Miktari Güncelleme. ISLEM: miktarGir MIKTAR: 200;5;;
91454;29.05.2023 12:48:00;28;192.168.1.128;710;Stok Düzenleme Ekrani Girisi;5;;Stok
91455;29.05.2023 12:48:00;28;192.168.1.128;0;Stok Listesi Ekrani;5;;Stok
91456;29.05.2023 12:48:00;28;192.168.1.128;0;Stok Listesi Ekrani;5;;Stok
91457;29.05.2023 12:48:00;28;192.168.1.128;0;Stok Listesi Ekrani;5;;Stok
91458;29.05.2023 12:48:00;28;192.168.1.128;342;Stok Depo Miktarlari Detay;5;;stok
91459;29.05.2023 12:48:00;28;192.168.1.128;342;Stok Düzenleme Ekrani Girisi;5;;Stok
91460;29.05.2023 12:49:00;28;192.168.1.128;0;Stok Listesi Ekrani;5;;Stok
91461;29.05.2023 12:49:00;28;192.168.1.128;0;Stok Miktari Güncelleme. ISLEM: miktarCik MIKTAR: 360;5;;
91462;29.05.2023 12:49:00;28;192.168.1.128;342;Stok Düzenleme Ekrani Girisi;5;;Stok
91463;29.05.2023 12:49:00;28;192.168.1.128;0;Stok Listesi Ekrani;5;;Stok
91464;29.05.2023 12:49:00;28;192.168.1.128;0;Stok Listesi Ekrani;5;;Stok
91465;29.05.2023 12:49:00;28;192.168.1.128;341;Stok Depo Miktarlari Detay;5;;stok
91466;29.05.2023 12:50:00;28;192.168.1.128;341;Stok Düzenleme Ekrani Girisi;5;;Stok
91467;29.05.2023 12:50:00;28;192.168.1.128;0;Stok Miktari Güncelleme. ISLEM: miktarCik MIKTAR: 238;5;;
91468;29.05.2023 12:50:00;28;192.168.1.128;341;Stok Düzenleme Ekrani Girisi;5;;Stok
91469;29.05.2023 12:50:00;28;192.168.1.128;0;Stok Listesi Ekrani;5;;Stok
91470;29.05.2023 12:50:00;28;192.168.1.128;0;Stok Listesi Ekrani;5;;Stok
91471;29.05.2023 12:50:00;28;192.168.1.128;0;Stok Listesi Ekrani;5;;Stok
91472;29.05.2023 12:50:00;28;192.168.1.128;182;Stok Depo Miktarlari Detay;5;;stok
91473;29.05.2023 12:50:00;28;192.168.1.128;182;Stok Düzenleme Ekrani Girisi;5;;Stok
91474;29.05.2023 12:51:00;28;192.168.1.128;0;Stok Miktari Güncelleme. ISLEM: miktarCik MIKTAR: 101800;5;;
91475;29.05.2023 12:51:00;28;192.168.1.128;182;Stok Düzenleme Ekrani Girisi;5;;Stok
91476;29.05.2023 12:51:00;28;192.168.1.128;0;Stok Listesi Ekrani;5;;Stok
91477;29.05.2023 12:51:00;28;192.168.1.128;0;Stok Listesi Ekrani;5;;Stok
91478;29.05.2023 12:51:00;28;192.168.1.128;0;Stok Listesi Ekrani;5;;Stok
91479;29.05.2023 12:52:00;28;192.168.1.128;67;Stok Depo Miktarlari Detay;5;;stok
91480;29.05.2023 12:54:00;36;192.168.1.164;0;Welcome Dashboard;5;;Dashboard
91481;29.05.2023 12:54:00;36;192.168.1.164;0;Welcome Dashboard;5;;Dashboard
91482;29.05.2023 12:54:00;36;192.168.1.164;0;Kalite Kontrol Bekleyen Ürünler Ekrani;5;;Kalite Kontrol
91483;29.05.2023 12:54:00;36;192.168.1.164;0;Kalite kontrol formlari listendi;5;;Kalite Kontrol
91484;29.05.2023 12:55:00;28;192.168.1.128;67;Stok Depo Miktarlari Detay;5;;stok
91485;29.05.2023 12:55:00;28;192.168.1.128;67;Stok Düzenleme Ekrani Girisi;5;;Stok
91486;29.05.2023 12:55:00;28;192.168.1.128;0;Stok Miktari Güncelleme. ISLEM: miktarGir MIKTAR: 244;5;;
91487;29.05.2023 12:55:00;28;192.168.1.128;67;Stok Düzenleme Ekrani Girisi;5;;Stok
91488;29.05.2023 12:55:00;28;192.168.1.128;0;Stok Listesi Ekrani;5;;Stok
91489;29.05.2023 12:56:00;28;192.168.1.128;0;Stok Listesi Ekrani;5;;Stok
91490;29.05.2023 12:57:00;32;192.168.1.248;0;Teklif Listesi Ekrani;5;;Teklif
91491;29.05.2023 12:57:00;32;192.168.1.248;0;Kayit Basarili.;5;;Teklif
91492;29.05.2023 12:57:00;28;192.168.1.128;780;Stok Depo Miktarlari Detay;5;;stok
91493;29.05.2023 12:57:00;32;192.168.1.248;0;Teklif kalemi kayit ediliyor;5;;
91494;29.05.2023 12:57:00;28;192.168.1.128;780;Stok Düzenleme Ekrani Girisi;5;;Stok
91495;29.05.2023 12:57:00;28;192.168.1.128;0;Stok Miktari Güncelleme. ISLEM: miktarGir MIKTAR: 381;5;;
91496;29.05.2023 12:57:00;28;192.168.1.128;780;Stok Düzenleme Ekrani Girisi;5;;Stok
91497;29.05.2023 12:57:00;28;192.168.1.128;0;Stok Listesi Ekrani;5;;Stok
91498;29.05.2023 12:58:00;28;192.168.1.128;0;Stok Listesi Ekrani;5;;Stok
91499;29.05.2023 12:58:00;28;192.168.1.128;780;Stok Depo Miktarlari Detay;5;;stok
91500;29.05.2023 12:58:00;28;192.168.1.128;780;Stok Düzenleme Ekrani Girisi;5;;Stok
91501;29.05.2023 12:58:00;28;192.168.1.128;0;Stok Miktari Güncelleme. ISLEM: miktarCik MIKTAR: 60;5;;
91502;29.05.2023 12:58:00;28;192.168.1.128;780;Stok Düzenleme Ekrani Girisi;5;;Stok
91503;29.05.2023 12:58:00;28;192.168.1.128;0;Stok Listesi Ekrani;5;;Stok
91504;29.05.2023 12:58:00;28;192.168.1.128;0;Stok Listesi Ekrani;5;;Stok
91505;29.05.2023 12:59:00;28;192.168.1.128;68;Stok Depo Miktarlari Detay;5;;stok
91506;29.05.2023 12:59:00;28;192.168.1.128;68;Stok Düzenleme Ekrani Girisi;5;;Stok
91507;29.05.2023 12:59:00;28;192.168.1.128;0;Stok Miktari Güncelleme. ISLEM: miktarCik MIKTAR: 4951;5;;
91508;29.05.2023 12:59:00;28;192.168.1.128;68;Stok Düzenleme Ekrani Girisi;5;;Stok
91509;29.05.2023 12:59:00;28;192.168.1.128;0;Stok Listesi Ekrani;5;;Stok
91510;29.05.2023 12:59:00;32;192.168.1.248;0;Teklif Listesi Ekrani;5;;Teklif
91511;29.05.2023 12:59:00;32;192.168.1.248;0;Kayit Basarili.;5;;Teklif
91512;29.05.2023 13:00:00;28;192.168.1.128;0;Stok Listesi Ekrani;5;;Stok
91513;29.05.2023 13:01:00;27;192.168.1.138;0;Welcome Dashboard;5;;Dashboard
91514;29.05.2023 13:01:00;27;192.168.1.138;0;Stok Listesi Ekrani;5;;Stok
91515;29.05.2023 13:01:00;27;192.168.1.138;0;Stok Listesi Ekrani;5;;Stok
91516;29.05.2023 13:02:00;32;192.168.1.248;0;Teklif kalemi kayit ediliyor;5;;
91517;29.05.2023 13:02:00;28;192.168.1.128;0;Stok Listesi Ekrani;5;;Stok
91518;29.05.2023 13:02:00;28;192.168.1.128;0;Seçtiginiz kriterlerde kayit bulunamadi;5;;Stok
91519;29.05.2023 13:02:00;28;192.168.1.128;0;Stok Düzenleme Ekrani Girisi;5;;Stok
91520;29.05.2023 13:03:00;28;192.168.1.128;0;Stok Güncelleme: HM-00062;5;;Stok
91521;29.05.2023 13:03:00;28;192.168.1.128;0;Yeni ürün eklendi:HM-00062;5;;Stok
91522;29.05.2023 13:03:00;28;192.168.1.128;0;Stok Listesi Ekrani;5;;Stok
91523;29.05.2023 13:03:00;28;192.168.1.128;0;Stok Listesi Ekrani;5;;Stok
91524;29.05.2023 13:04:00;32;192.168.1.248;0;Teklif Listesi Ekrani;5;;Teklif
91525;29.05.2023 13:04:00;32;192.168.1.248;0;Kayit Basarili.;5;;Teklif
91526;29.05.2023 13:05:00;32;192.168.1.248;0;Teklif kalemi kayit ediliyor;5;;
91527;29.05.2023 13:05:00;28;192.168.1.128;0;Stok Listesi Ekrani;5;;Stok
91528;29.05.2023 13:05:00;28;192.168.1.128;58;Stok Düzenleme Ekrani Girisi;5;;Stok
91529;29.05.2023 13:08:00;32;192.168.1.248;0;Teklif Listesi Ekrani;5;;Teklif
91530;29.05.2023 13:08:00;32;192.168.1.248;0;Kayit Basarili.;5;;Teklif
91531;29.05.2023 13:08:00;28;192.168.1.128;0;Stok Miktari Güncelleme. ISLEM: miktarGir MIKTAR: 42000;5;;
91532;29.05.2023 13:08:00;28;192.168.1.128;58;Stok Düzenleme Ekrani Girisi;5;;Stok
91533;29.05.2023 13:08:00;28;192.168.1.128;0;Stok Listesi Ekrani;5;;Stok
91534;29.05.2023 13:08:00;32;192.168.1.248;0;Teklif kalemi kayit ediliyor;5;;
91535;29.05.2023 13:08:00;28;192.168.1.128;0;Stok Listesi Ekrani;5;;Stok
91536;29.05.2023 13:08:00;28;192.168.1.128;140;Stok Depo Miktarlari Detay;5;;stok
91537;29.05.2023 13:08:00;28;192.168.1.128;140;Stok Düzenleme Ekrani Girisi;5;;Stok
91538;29.05.2023 13:09:00;28;192.168.1.128;0;Stok Miktari Güncelleme. ISLEM: miktarCik MIKTAR: 1419;5;;
91539;29.05.2023 13:09:00;28;192.168.1.128;140;Stok Düzenleme Ekrani Girisi;5;;Stok
91540;29.05.2023 13:09:00;28;192.168.1.128;0;Stok Listesi Ekrani;5;;Stok
91541;29.05.2023 13:09:00;28;192.168.1.128;0;Stok Listesi Ekrani;5;;Stok
91542;29.05.2023 13:09:00;28;192.168.1.128;142;Stok Depo Miktarlari Detay;5;;stok
91543;29.05.2023 13:10:00;28;192.168.1.128;0;Stok Listesi Ekrani;5;;Stok
91544;29.05.2023 13:10:00;32;192.168.1.248;0;Teklif Listesi Ekrani;5;;Teklif
91545;29.05.2023 13:10:00;32;192.168.1.248;0;Kayit Basarili.;5;;Teklif
91546;29.05.2023 13:11:00;32;192.168.1.248;0;Teklif kalemi kayit ediliyor;5;;
91547;29.05.2023 13:11:00;28;192.168.1.128;0;Stok Listesi Ekrani;5;;Stok
91548;29.05.2023 13:12:00;28;192.168.1.128;0;Stok Listesi Ekrani;5;;Stok
91549;29.05.2023 13:12:00;28;192.168.1.128;189;Stok Depo Miktarlari Detay;5;;stok
91550;29.05.2023 13:13:00;36;192.168.1.164;0;Dogrudan Müsteri Siparisi Olusturma Ekrani;5;;Satis
91551;29.05.2023 13:13:00;36;192.168.1.164;0;Yetkisiz Giris;5;;Satis
91552;29.05.2023 13:13:00;36;192.168.1.164;0;Mal Kabul Siparisleri Listelendi;5;;Satin Alma
91553;29.05.2023 13:14:00;36;192.168.1.164;0;Ariza Ekrani;5;;ITAriza
91554;29.05.2023 13:16:00;36;192.168.1.164;0;Planlama ajanda sayfasi girisi;5;;Planlama
91555;29.05.2023 13:16:00;28;192.168.1.128;0;Stok Listesi Ekrani;5;;Stok
91556;29.05.2023 13:16:00;28;192.168.1.128;3037;Stok Düzenleme Ekrani Girisi;5;;Stok
91557;29.05.2023 13:17:00;36;192.168.1.164;0;Kalite kontrol formlari listendi;5;;Kalite Kontrol
91558;29.05.2023 13:18:00;28;192.168.1.128;0;Stok Listesi Ekrani;5;;Stok
91559;29.05.2023 13:18:00;28;192.168.1.128;0;Stok Listesi Ekrani;5;;Stok
91560;29.05.2023 13:18:00;28;192.168.1.128;3049;Stok Düzenleme Ekrani Girisi;5;;Stok
91561;29.05.2023 13:18:00;28;192.168.1.128;0;Stok Miktari Güncelleme. ISLEM: miktarGir MIKTAR: 350;5;;
91562;29.05.2023 13:18:00;28;192.168.1.128;3049;Stok Düzenleme Ekrani Girisi;5;;Stok
91563;29.05.2023 13:18:00;28;192.168.1.128;0;Stok Listesi Ekrani;5;;Stok
91564;29.05.2023 13:19:00;28;192.168.1.128;0;Stok Listesi Ekrani;5;;Stok
91565;29.05.2023 13:22:00;28;192.168.1.128;0;Stok Listesi Ekrani;5;;Stok
91566;29.05.2023 13:24:00;28;192.168.1.128;136;Stok Depo Miktarlari Detay;5;;stok
91567;29.05.2023 13:25:00;28;192.168.1.128;136;Stok Depo Miktarlari Detay;5;;stok
91568;29.05.2023 13:25:00;28;192.168.1.128;136;Stok Düzenleme Ekrani Girisi;5;;Stok
91569;29.05.2023 13:26:00;28;192.168.1.128;0;Stok Listesi Ekrani;5;;Stok
91570;29.05.2023 13:26:00;28;192.168.1.128;136;Stok Düzenleme Ekrani Girisi;5;;Stok
91571;29.05.2023 13:26:00;28;192.168.1.128;0;Stok Miktari Güncelleme. ISLEM: miktarCik MIKTAR: 866;5;;
91572;29.05.2023 13:26:00;28;192.168.1.128;136;Stok Düzenleme Ekrani Girisi;5;;Stok
91573;29.05.2023 13:26:00;28;192.168.1.128;0;Stok Listesi Ekrani;5;;Stok
91574;29.05.2023 13:27:00;28;192.168.1.128;0;Stok Listesi Ekrani;5;;Stok
91575;29.05.2023 13:28:00;28;192.168.1.128;0;Stok Listesi Ekrani;5;;Stok
91576;29.05.2023 13:28:00;28;192.168.1.128;549;Stok Depo Miktarlari Detay;5;;stok
91577;29.05.2023 13:28:00;28;192.168.1.128;549;Stok Düzenleme Ekrani Girisi;5;;Stok
91578;29.05.2023 13:28:00;28;192.168.1.128;0;Stok Miktari Güncelleme. ISLEM: miktarGir MIKTAR: 50;5;;
91579;29.05.2023 13:28:00;28;192.168.1.128;549;Stok Düzenleme Ekrani Girisi;5;;Stok
91580;29.05.2023 13:28:00;28;192.168.1.128;0;Stok Listesi Ekrani;5;;Stok
91581;29.05.2023 13:28:00;28;192.168.1.128;0;Stok Listesi Ekrani;5;;Stok
91582;29.05.2023 13:28:00;28;192.168.1.128;549;Stok Depo Miktarlari Detay;5;;stok
91583;29.05.2023 13:28:00;28;192.168.1.128;549;Stok Düzenleme Ekrani Girisi;5;;Stok
91584;29.05.2023 13:29:00;28;192.168.1.128;549;Stok Güncelleme: YM-00175;5;;Stok
91585;29.05.2023 13:29:00;28;192.168.1.128;549;Ürün bilgileri güncellendi:YM-00175;5;;Stok
91586;29.05.2023 13:29:00;28;192.168.1.128;0;Stok Listesi Ekrani;5;;Stok
91587;29.05.2023 13:30:00;28;192.168.1.128;0;Stok Listesi Ekrani;5;;Stok
91588;29.05.2023 13:30:00;28;192.168.1.128;0;Stok Listesi Ekrani;5;;Stok
91589;29.05.2023 13:30:00;28;192.168.1.128;0;Seçtiginiz kriterlerde kayit bulunamadi;5;;Stok
91590;29.05.2023 13:31:00;28;192.168.1.128;0;Stok Listesi Ekrani;5;;Stok
91591;29.05.2023 13:31:00;28;192.168.1.128;0;Stok Listesi Ekrani;5;;Stok
91592;29.05.2023 13:33:00;28;192.168.1.128;0;Stok Listesi Ekrani;5;;Stok
91593;29.05.2023 13:33:00;28;192.168.1.128;547;Stok Depo Miktarlari Detay;5;;stok
91594;29.05.2023 13:35:00;28;192.168.1.128;0;Stok Listesi Ekrani;5;;Stok
91595;29.05.2023 13:35:00;28;192.168.1.128;0;Stok Listesi Ekrani;5;;Stok
91596;29.05.2023 13:35:00;28;192.168.1.128;0;Stok Listesi Ekrani;5;;Stok
91597;29.05.2023 13:35:00;28;192.168.1.128;0;Seçtiginiz kriterlerde kayit bulunamadi;5;;Stok
91598;29.05.2023 13:35:00;28;192.168.1.128;0;Stok Listesi Ekrani;5;;Stok
91599;29.05.2023 13:35:00;28;192.168.1.128;3028;Stok Depo Miktarlari Detay;5;;stok
91600;29.05.2023 13:36:00;28;192.168.1.128;0;Stok Listesi Ekrani;5;;Stok
91601;29.05.2023 13:36:00;28;192.168.1.128;62;Stok Depo Miktarlari Detay;5;;stok
91602;29.05.2023 13:36:00;28;192.168.1.128;0;Stok Listesi Ekrani;5;;Stok
91603;29.05.2023 13:36:00;28;192.168.1.128;63;Stok Depo Miktarlari Detay;5;;stok
91604;29.05.2023 13:48:00;28;192.168.1.128;0;Stok Listesi Ekrani;5;;Stok
91605;29.05.2023 13:48:00;28;192.168.1.128;274;Stok Düzenleme Ekrani Girisi;5;;Stok
91606;29.05.2023 13:48:00;28;192.168.1.128;0;Stok Miktari Güncelleme. ISLEM: miktarGir MIKTAR: 15000;5;;
91607;29.05.2023 13:48:00;28;192.168.1.128;274;Stok Düzenleme Ekrani Girisi;5;;Stok
91608;29.05.2023 13:48:00;28;192.168.1.128;0;Stok Listesi Ekrani;5;;Stok
91609;29.05.2023 13:48:00;28;192.168.1.128;0;Stok Listesi Ekrani;5;;Stok
91610;29.05.2023 13:48:00;28;192.168.1.128;274;Stok Depo Miktarlari Detay;5;;stok
91611;29.05.2023 13:48:00;28;192.168.1.128;274;Stok Düzenleme Ekrani Girisi;5;;Stok
91612;29.05.2023 13:49:00;28;192.168.1.128;0;Stok Miktari Güncelleme. ISLEM: miktarGir MIKTAR: 17000;5;;
91613;29.05.2023 13:49:00;28;192.168.1.128;274;Stok Düzenleme Ekrani Girisi;5;;Stok
91614;29.05.2023 13:49:00;28;192.168.1.128;0;Stok Listesi Ekrani;5;;Stok
91615;29.05.2023 13:49:00;28;192.168.1.128;0;Stok Listesi Ekrani;5;;Stok
91616;29.05.2023 13:50:00;28;192.168.1.128;63;Stok Depo Miktarlari Detay;5;;stok
91617;29.05.2023 13:50:00;28;192.168.1.128;63;Stok Düzenleme Ekrani Girisi;5;;Stok
91618;29.05.2023 13:50:00;28;192.168.1.128;0;Stok Listesi Ekrani;5;;Stok
91619;29.05.2023 13:50:00;28;192.168.1.128;63;Stok Depo Miktarlari Detay;5;;stok
91620;29.05.2023 13:51:00;28;192.168.1.128;0;Stok Miktari Güncelleme. ISLEM: miktarCik MIKTAR: 17566;5;;
91621;29.05.2023 13:51:00;28;192.168.1.128;63;Stok Düzenleme Ekrani Girisi;5;;Stok
91622;29.05.2023 13:51:00;28;192.168.1.128;0;Stok Listesi Ekrani;5;;Stok
91623;29.05.2023 13:51:00;28;192.168.1.128;0;Stok Listesi Ekrani;5;;Stok
91624;29.05.2023 13:51:00;28;192.168.1.128;63;Stok Depo Miktarlari Detay;5;;stok
91625;29.05.2023 13:51:00;28;192.168.1.128;63;Stok Düzenleme Ekrani Girisi;5;;Stok
91626;29.05.2023 13:51:00;28;192.168.1.128;0;Stok Miktari Güncelleme. ISLEM: miktarGir MIKTAR: 10;5;;
91627;29.05.2023 13:51:00;28;192.168.1.128;63;Stok Düzenleme Ekrani Girisi;5;;Stok
91628;29.05.2023 13:51:00;28;192.168.1.128;0;Stok Listesi Ekrani;5;;Stok
91629;29.05.2023 13:52:00;28;192.168.1.128;0;Stok Listesi Ekrani;5;;Stok
91630;29.05.2023 13:52:00;28;192.168.1.128;63;Stok Depo Miktarlari Detay;5;;stok
91631;29.05.2023 13:54:00;28;192.168.1.128;63;Stok Düzenleme Ekrani Girisi;5;;Stok
91632;29.05.2023 13:54:00;28;192.168.1.128;0;Stok Miktari Güncelleme. ISLEM: miktarGir MIKTAR: 9191;5;;
91633;29.05.2023 13:54:00;28;192.168.1.128;63;Stok Düzenleme Ekrani Girisi;5;;Stok
91634;29.05.2023 13:54:00;28;192.168.1.128;0;Stok Listesi Ekrani;5;;Stok
91635;29.05.2023 13:55:00;28;192.168.1.128;0;Stok Listesi Ekrani;5;;Stok
91636;29.05.2023 13:55:00;28;192.168.1.128;63;Stok Depo Miktarlari Detay;5;;stok
91637;29.05.2023 13:55:00;28;192.168.1.128;63;Stok Düzenleme Ekrani Girisi;5;;Stok
91638;29.05.2023 13:56:00;28;192.168.1.128;0;Stok Miktari Güncelleme. ISLEM: miktarGir MIKTAR: 809;5;;
91639;29.05.2023 13:56:00;28;192.168.1.128;63;Stok Düzenleme Ekrani Girisi;5;;Stok
91640;29.05.2023 13:56:00;28;192.168.1.128;0;Stok Listesi Ekrani;5;;Stok
91641;29.05.2023 14:06:00;28;192.168.1.128;0;Stok Listesi Ekrani;5;;Stok
91642;29.05.2023 14:07:00;28;192.168.1.128;0;Stok Listesi Ekrani;5;;Stok
91643;29.05.2023 14:07:00;28;192.168.1.128;63;Stok Depo Miktarlari Detay;5;;stok
91644;29.05.2023 14:07:00;28;192.168.1.128;63;Stok Düzenleme Ekrani Girisi;5;;Stok
91645;29.05.2023 14:08:00;28;192.168.1.128;0;Stok Miktari Güncelleme. ISLEM: miktarGir MIKTAR: 2640;5;;
91646;29.05.2023 14:08:00;28;192.168.1.128;63;Stok Düzenleme Ekrani Girisi;5;;Stok
91647;29.05.2023 14:08:00;28;192.168.1.128;0;Stok Listesi Ekrani;5;;Stok
91648;29.05.2023 14:08:00;28;192.168.1.128;0;Stok Listesi Ekrani;5;;Stok
91649;29.05.2023 14:08:00;28;192.168.1.128;63;Stok Depo Miktarlari Detay;5;;stok
91650;29.05.2023 14:08:00;28;192.168.1.128;62;Stok Depo Miktarlari Detay;5;;stok
91651;29.05.2023 14:09:00;28;192.168.1.128;62;Stok Depo Miktarlari Detay;5;;stok
91652;29.05.2023 14:09:00;28;192.168.1.128;62;Stok Düzenleme Ekrani Girisi;5;;Stok
91653;29.05.2023 14:09:00;28;192.168.1.128;0;Stok Miktari Güncelleme. ISLEM: miktarGir MIKTAR: 299;5;;
91654;29.05.2023 14:09:00;28;192.168.1.128;62;Stok Düzenleme Ekrani Girisi;5;;Stok
91655;29.05.2023 14:09:00;28;192.168.1.128;0;Stok Listesi Ekrani;5;;Stok
91656;29.05.2023 14:12:00;28;192.168.1.128;0;Stok Listesi Ekrani;5;;Stok
91657;29.05.2023 14:12:00;28;192.168.1.128;62;Stok Depo Miktarlari Detay;5;;stok
91658;29.05.2023 14:13:00;28;192.168.1.128;0;Stok Listesi Ekrani;5;;Stok
91659;29.05.2023 14:13:00;28;192.168.1.128;87;Stok Depo Miktarlari Detay;5;;stok
91660;29.05.2023 14:13:00;28;192.168.1.128;0;Stok Listesi Ekrani;5;;Stok
91661;29.05.2023 14:13:00;28;192.168.1.128;703;Stok Düzenleme Ekrani Girisi;5;;Stok
91662;29.05.2023 14:22:00;28;192.168.1.128;703;Stok Düzenleme Ekrani Girisi;5;;Stok
91663;29.05.2023 14:22:00;28;192.168.1.128;703;Stok Depo Miktarlari Detay;5;;stok
91664;29.05.2023 14:22:00;28;192.168.1.128;703;Stok Düzenleme Ekrani Girisi;5;;Stok
91665;29.05.2023 14:22:00;28;192.168.1.128;703;Stok Depo Miktarlari Detay;5;;stok
91666;29.05.2023 14:22:00;28;192.168.1.128;703;Stok Düzenleme Ekrani Girisi;5;;Stok
91667;29.05.2023 14:22:00;28;192.168.1.128;0;Stok Miktari Güncelleme. ISLEM: miktarCik MIKTAR: 186;5;;
91668;29.05.2023 14:22:00;28;192.168.1.128;703;Stok Düzenleme Ekrani Girisi;5;;Stok
91669;29.05.2023 14:22:00;28;192.168.1.128;0;Stok Listesi Ekrani;5;;Stok
91670;29.05.2023 14:22:00;28;192.168.1.128;0;Stok Listesi Ekrani;5;;Stok
91671;29.05.2023 14:23:00;28;192.168.1.128;333;Stok Depo Miktarlari Detay;5;;stok
91672;29.05.2023 14:23:00;28;192.168.1.128;333;Stok Düzenleme Ekrani Girisi;5;;Stok
91673;29.05.2023 14:23:00;28;192.168.1.128;0;Stok Miktari Güncelleme. ISLEM: miktarGir MIKTAR: 3760;5;;
91674;29.05.2023 14:23:00;28;192.168.1.128;333;Stok Düzenleme Ekrani Girisi;5;;Stok
91675;29.05.2023 14:23:00;28;192.168.1.128;0;Stok Listesi Ekrani;5;;Stok
91676;29.05.2023 14:23:00;28;192.168.1.128;0;Stok Listesi Ekrani;5;;Stok
91677;29.05.2023 14:23:00;28;192.168.1.128;0;Stok Listesi Ekrani;5;;Stok
91678;29.05.2023 14:23:00;28;192.168.1.128;254;Stok Depo Miktarlari Detay;5;;stok
91679;29.05.2023 14:24:00;28;192.168.1.128;254;Stok Düzenleme Ekrani Girisi;5;;Stok
91680;29.05.2023 14:24:00;28;192.168.1.128;0;Stok Miktari Güncelleme. ISLEM: miktarCik MIKTAR: 1;5;;
91681;29.05.2023 14:24:00;28;192.168.1.128;254;Stok Düzenleme Ekrani Girisi;5;;Stok
91682;29.05.2023 14:24:00;28;192.168.1.128;0;Stok Listesi Ekrani;5;;Stok
91683;29.05.2023 14:24:00;28;192.168.1.128;0;Stok Listesi Ekrani;5;;Stok
91684;29.05.2023 14:24:00;28;192.168.1.128;268;Stok Depo Miktarlari Detay;5;;stok
91685;29.05.2023 14:24:00;28;192.168.1.128;268;Stok Düzenleme Ekrani Girisi;5;;Stok
91686;29.05.2023 14:24:00;28;192.168.1.128;0;Stok Miktari Güncelleme. ISLEM: miktarGir MIKTAR: 200;5;;
91687;29.05.2023 14:24:00;28;192.168.1.128;268;Stok Düzenleme Ekrani Girisi;5;;Stok
91688;29.05.2023 14:24:00;28;192.168.1.128;0;Stok Listesi Ekrani;5;;Stok
91689;29.05.2023 14:25:00;28;192.168.1.128;0;Stok Listesi Ekrani;5;;Stok
91690;29.05.2023 14:25:00;28;192.168.1.128;202;Stok Düzenleme Ekrani Girisi;5;;Stok
91691;29.05.2023 14:25:00;28;192.168.1.128;0;Stok Miktari Güncelleme. ISLEM: miktarGir MIKTAR: 20;5;;
91692;29.05.2023 14:25:00;28;192.168.1.128;202;Stok Düzenleme Ekrani Girisi;5;;Stok
91693;29.05.2023 14:25:00;28;192.168.1.128;0;Stok Listesi Ekrani;5;;Stok
91694;29.05.2023 14:25:00;28;192.168.1.128;0;Stok Listesi Ekrani;5;;Stok
91695;29.05.2023 14:26:00;28;192.168.1.128;225;Stok Depo Miktarlari Detay;5;;stok
91696;29.05.2023 14:26:00;28;192.168.1.128;0;Mal Kabul Siparisleri Listelendi;5;;Satin Alma
91697;29.05.2023 14:29:00;28;192.168.1.128;225;Stok Düzenleme Ekrani Girisi;5;;Stok
91698;29.05.2023 14:29:00;28;192.168.1.128;0;Stok Miktari Güncelleme. ISLEM: miktarGir MIKTAR: 29;5;;
91699;29.05.2023 14:29:00;28;192.168.1.128;225;Stok Düzenleme Ekrani Girisi;5;;Stok
91700;29.05.2023 14:29:00;28;192.168.1.128;0;Stok Listesi Ekrani;5;;Stok
91701;29.05.2023 14:29:00;28;192.168.1.128;0;Stok Listesi Ekrani;5;;Stok
91702;29.05.2023 14:30:00;28;192.168.1.128;224;Stok Depo Miktarlari Detay;5;;stok
91703;29.05.2023 14:30:00;28;192.168.1.128;224;Stok Düzenleme Ekrani Girisi;5;;Stok
91704;29.05.2023 14:31:00;28;192.168.1.128;0;Stok Miktari Güncelleme. ISLEM: miktarGir MIKTAR: 537;5;;
91705;29.05.2023 14:31:00;28;192.168.1.128;224;Stok Düzenleme Ekrani Girisi;5;;Stok
91706;29.05.2023 14:31:00;28;192.168.1.128;0;Stok Listesi Ekrani;5;;Stok
91707;29.05.2023 14:31:00;28;192.168.1.128;0;Stok Listesi Ekrani;5;;Stok
91708;29.05.2023 14:32:00;28;192.168.1.128;0;Stok Listesi Ekrani;5;;Stok
91709;29.05.2023 14:32:00;28;192.168.1.128;0;Seçtiginiz kriterlerde kayit bulunamadi;5;;Stok
91710;29.05.2023 14:32:00;28;192.168.1.128;0;Stok Listesi Ekrani;5;;Stok
91711;29.05.2023 14:32:00;28;192.168.1.128;3012;Stok Depo Miktarlari Detay;5;;stok
91712;29.05.2023 14:32:00;28;192.168.1.128;3012;Stok Düzenleme Ekrani Girisi;5;;Stok
91713;29.05.2023 14:33:00;28;192.168.1.128;0;Stok Listesi Ekrani;5;;Stok
91714;29.05.2023 14:33:00;28;192.168.1.128;0;Stok Listesi Ekrani;5;;Stok
91715;29.05.2023 14:34:00;28;192.168.1.128;0;Stok Miktari Güncelleme. ISLEM: miktarGir MIKTAR: 73;5;;
91716;29.05.2023 14:34:00;28;192.168.1.128;3012;Stok Düzenleme Ekrani Girisi;5;;Stok
91717;29.05.2023 14:34:00;28;192.168.1.128;0;Stok Listesi Ekrani;5;;Stok
91718;29.05.2023 14:34:00;28;192.168.1.128;0;Stok Listesi Ekrani;5;;Stok
91719;29.05.2023 14:34:00;28;192.168.1.128;301;Stok Depo Miktarlari Detay;5;;stok
91720;29.05.2023 14:38:00;28;192.168.1.128;0;Stok Listesi Ekrani;5;;Stok
91721;29.05.2023 14:38:00;28;192.168.1.128;0;Seçtiginiz kriterlerde kayit bulunamadi;5;;Stok
91722;29.05.2023 14:38:00;28;192.168.1.128;0;Stok Düzenleme Ekrani Girisi;5;;Stok
91723;29.05.2023 14:38:00;28;192.168.1.128;0;Stok Güncelleme: HM-00067;5;;Stok
91724;29.05.2023 14:38:00;28;192.168.1.128;0;Yeni ürün eklendi:HM-00067;5;;Stok
91725;29.05.2023 14:38:00;28;192.168.1.128;0;Stok Listesi Ekrani;5;;Stok
91726;29.05.2023 14:38:00;28;192.168.1.128;0;Stok Listesi Ekrani;5;;Stok
91727;29.05.2023 14:39:00;28;192.168.1.128;3050;Stok Düzenleme Ekrani Girisi;5;;Stok
91728;29.05.2023 14:39:00;28;192.168.1.128;0;Stok Miktari Güncelleme. ISLEM: miktarGir MIKTAR: 328;5;;
91729;29.05.2023 14:39:00;28;192.168.1.128;3050;Stok Düzenleme Ekrani Girisi;5;;Stok
91730;29.05.2023 14:39:00;28;192.168.1.128;0;Stok Listesi Ekrani;5;;Stok
91731;29.05.2023 14:44:00;28;192.168.1.128;0;Stok Listesi Ekrani;5;;Stok
91732;29.05.2023 14:44:00;28;192.168.1.128;301;Stok Depo Miktarlari Detay;5;;stok
91733;29.05.2023 14:44:00;28;192.168.1.128;301;Stok Düzenleme Ekrani Girisi;5;;Stok
91734;29.05.2023 14:44:00;28;192.168.1.128;301;Stok Düzenleme Ekrani Girisi;5;;Stok
91735;29.05.2023 14:44:00;28;192.168.1.128;301;Stok Güncelleme: HM-00473;5;;Stok
91736;29.05.2023 14:44:00;28;192.168.1.128;301;Ürün bilgileri güncellendi:HM-00473;5;;Stok
91737;29.05.2023 14:44:00;28;192.168.1.128;0;Stok Listesi Ekrani;5;;Stok
91738;29.05.2023 14:45:00;28;192.168.1.128;0;Stok Listesi Ekrani;5;;Stok
91739;29.05.2023 14:45:00;28;192.168.1.128;3050;Stok Depo Miktarlari Detay;5;;stok
91740;29.05.2023 14:46:00;5;192.168.1.134;0;Welcome Dashboard;5;;Dashboard
91741;29.05.2023 14:46:00;5;192.168.1.134;0;Mail Bilgileri Tanimlanmamis;5;;
91742;29.05.2023 14:46:00;5;192.168.1.134;0;Stok Listesi Ekrani;5;;Stok
91743;29.05.2023 14:47:00;5;192.168.1.134;0;Stok Listesi Ekrani;5;;Stok
91744;29.05.2023 14:47:00;5;192.168.1.134;0;Seçtiginiz kriterlerde kayit bulunamadi;5;;Stok
91745;29.05.2023 14:47:00;5;192.168.1.134;0;Stok Listesi Ekrani;5;;Stok
91746;29.05.2023 14:47:00;5;192.168.1.134;0;Stok Listesi Ekrani;5;;Stok
91747;29.05.2023 14:47:00;5;192.168.1.134;0;Seçtiginiz kriterlerde kayit bulunamadi;5;;Stok
91748;29.05.2023 14:47:00;5;192.168.1.134;0;Stok Listesi Ekrani;5;;Stok
91749;29.05.2023 14:49:00;5;192.168.1.134;0;Stok Listesi Ekrani;5;;Stok
91750;29.05.2023 14:49:00;28;192.168.1.128;0;Stok Listesi Ekrani;5;;Stok
91751;29.05.2023 14:49:00;28;192.168.1.128;0;Seçtiginiz kriterlerde kayit bulunamadi;5;;Stok
91752;29.05.2023 14:49:00;28;192.168.1.128;0;Stok Düzenleme Ekrani Girisi;5;;Stok
91753;29.05.2023 14:49:00;5;192.168.1.134;3022;Stok Depo Miktarlari Detay;5;;stok
91754;29.05.2023 14:49:00;28;192.168.1.128;0;Stok Güncelleme: HM-00070;5;;Stok
91755;29.05.2023 14:49:00;28;192.168.1.128;0;Yeni ürün eklendi:HM-00070;5;;Stok
91756;29.05.2023 14:49:00;28;192.168.1.128;0;Stok Listesi Ekrani;5;;Stok
91757;29.05.2023 14:49:00;28;192.168.1.128;0;Stok Listesi Ekrani;5;;Stok
91758;29.05.2023 14:50:00;28;192.168.1.128;3050;Stok Depo Miktarlari Detay;5;;stok
91759;29.05.2023 14:50:00;28;192.168.1.128;3051;Stok Düzenleme Ekrani Girisi;5;;Stok
91760;29.05.2023 14:50:00;28;192.168.1.128;0;Stok Miktari Güncelleme. ISLEM: miktarGir MIKTAR: 60;5;;
91761;29.05.2023 14:50:00;28;192.168.1.128;3051;Stok Düzenleme Ekrani Girisi;5;;Stok
91762;29.05.2023 14:50:00;28;192.168.1.128;0;Stok Listesi Ekrani;5;;Stok
91763;29.05.2023 14:55:00;28;192.168.1.128;0;Stok Listesi Ekrani;5;;Stok
91764;29.05.2023 14:55:00;28;192.168.1.128;220;Stok Depo Miktarlari Detay;5;;stok
91765;29.05.2023 14:55:00;28;192.168.1.128;0;Stok Listesi Ekrani;5;;Stok
91766;29.05.2023 14:56:00;28;192.168.1.128;301;Stok Depo Miktarlari Detay;5;;stok
91767;29.05.2023 14:56:00;28;192.168.1.128;301;Stok Düzenleme Ekrani Girisi;5;;Stok
91768;29.05.2023 14:57:00;28;192.168.1.128;0;Stok Miktari Güncelleme. ISLEM: miktarCik MIKTAR: 69;5;;
91769;29.05.2023 14:57:00;28;192.168.1.128;301;Stok Düzenleme Ekrani Girisi;5;;Stok
91770;29.05.2023 14:57:00;28;192.168.1.128;0;Stok Listesi Ekrani;5;;Stok
91771;29.05.2023 14:57:00;28;192.168.1.128;0;Stok Listesi Ekrani;5;;Stok
91772;29.05.2023 14:57:00;28;192.168.1.128;71;Stok Depo Miktarlari Detay;5;;stok
91773;29.05.2023 14:57:00;28;192.168.1.128;71;Stok Düzenleme Ekrani Girisi;5;;Stok
91774;29.05.2023 14:58:00;28;192.168.1.128;0;Stok Miktari Güncelleme. ISLEM: miktarCik MIKTAR: 3;5;;
91775;29.05.2023 14:58:00;28;192.168.1.128;71;Stok Düzenleme Ekrani Girisi;5;;Stok
91776;29.05.2023 14:58:00;28;192.168.1.128;0;Stok Listesi Ekrani;5;;Stok
91777;29.05.2023 14:58:00;28;192.168.1.128;0;Stok Listesi Ekrani;5;;Stok
91778;29.05.2023 14:59:00;28;192.168.1.128;72;Stok Depo Miktarlari Detay;5;;stok
91779;29.05.2023 14:59:00;28;192.168.1.128;72;Stok Düzenleme Ekrani Girisi;5;;Stok
91780;29.05.2023 14:59:00;28;192.168.1.128;0;Stok Miktari Güncelleme. ISLEM: miktarCik MIKTAR: 1024;5;;
91781;29.05.2023 14:59:00;28;192.168.1.128;72;Stok Düzenleme Ekrani Girisi;5;;Stok
91782;29.05.2023 14:59:00;28;192.168.1.128;0;Stok Listesi Ekrani;5;;Stok
91783;29.05.2023 15:01:00;28;192.168.1.128;0;Stok Listesi Ekrani;5;;Stok
91784;29.05.2023 15:01:00;28;192.168.1.128;217;Stok Depo Miktarlari Detay;5;;stok
91785;29.05.2023 15:01:00;28;192.168.1.128;217;Stok Depo Miktarlari Detay;5;;stok
91786;29.05.2023 15:01:00;28;192.168.1.128;217;Stok Düzenleme Ekrani Girisi;5;;Stok
91787;29.05.2023 15:01:00;28;192.168.1.128;0;Stok Miktari Güncelleme. ISLEM: miktarGir MIKTAR: 2600;5;;
91788;29.05.2023 15:01:00;28;192.168.1.128;217;Stok Düzenleme Ekrani Girisi;5;;Stok
91789;29.05.2023 15:01:00;28;192.168.1.128;0;Stok Listesi Ekrani;5;;Stok
91790;29.05.2023 15:02:00;28;192.168.1.128;0;Stok Listesi Ekrani;5;;Stok
91791;29.05.2023 15:02:00;28;192.168.1.128;218;Stok Depo Miktarlari Detay;5;;stok
91792;29.05.2023 15:02:00;28;192.168.1.128;218;Stok Düzenleme Ekrani Girisi;5;;Stok
91793;29.05.2023 15:02:00;28;192.168.1.128;0;Stok Miktari Güncelleme. ISLEM: miktarGir MIKTAR: 2400;5;;
91794;29.05.2023 15:02:00;28;192.168.1.128;218;Stok Düzenleme Ekrani Girisi;5;;Stok
91795;29.05.2023 15:02:00;28;192.168.1.128;0;Stok Listesi Ekrani;5;;Stok
91796;29.05.2023 15:03:00;28;192.168.1.128;0;Stok Listesi Ekrani;5;;Stok
91797;29.05.2023 15:04:00;28;192.168.1.128;0;Stok Listesi Ekrani;5;;Stok
91798;29.05.2023 15:04:00;28;192.168.1.128;221;Stok Depo Miktarlari Detay;5;;stok
91799;29.05.2023 15:04:00;28;192.168.1.128;221;Stok Düzenleme Ekrani Girisi;5;;Stok
91800;29.05.2023 15:04:00;28;192.168.1.128;0;Stok Miktari Güncelleme. ISLEM: miktarCik MIKTAR: 1;5;;
91801;29.05.2023 15:04:00;28;192.168.1.128;221;Stok Düzenleme Ekrani Girisi;5;;Stok
91802;29.05.2023 15:04:00;28;192.168.1.128;0;Stok Listesi Ekrani;5;;Stok
91803;29.05.2023 15:07:00;28;192.168.1.128;0;Stok Listesi Ekrani;5;;Stok
91804;29.05.2023 15:10:00;28;192.168.1.128;0;Stok Listesi Ekrani;5;;Stok
91805;29.05.2023 15:11:00;28;192.168.1.128;0;Stok Listesi Ekrani;5;;Stok
91806;29.05.2023 15:11:00;28;192.168.1.128;3016;Stok Depo Miktarlari Detay;5;;stok
91807;29.05.2023 15:11:00;28;192.168.1.128;3016;Stok Düzenleme Ekrani Girisi;5;;Stok
91808;29.05.2023 15:12:00;28;192.168.1.128;0;Stok Listesi Ekrani;5;;Stok
91809;29.05.2023 15:13:00;28;192.168.1.128;0;Stok Listesi Ekrani;5;;Stok
91810;29.05.2023 15:14:00;28;192.168.1.128;0;Stok Listesi Ekrani;5;;Stok
91811;29.05.2023 15:14:00;28;192.168.1.128;0;Seçtiginiz kriterlerde kayit bulunamadi;5;;Stok
91812;29.05.2023 15:14:00;28;192.168.1.128;0;Stok Listesi Ekrani;5;;Stok
91813;29.05.2023 15:15:00;28;192.168.1.128;181;Stok Düzenleme Ekrani Girisi;5;;Stok
91814;29.05.2023 15:16:00;28;192.168.1.128;0;Stok Miktari Güncelleme. ISLEM: miktarGir MIKTAR: 1500;5;;
91815;29.05.2023 15:16:00;28;192.168.1.128;181;Stok Düzenleme Ekrani Girisi;5;;Stok
91816;29.05.2023 15:16:00;28;192.168.1.128;0;Stok Listesi Ekrani;5;;Stok
91817;29.05.2023 15:16:00;28;192.168.1.128;0;Stok Listesi Ekrani;5;;Stok
91818;29.05.2023 15:17:00;28;192.168.1.128;0;Stok Miktari Güncelleme. ISLEM: miktarGir MIKTAR: 2700;5;;
91819;29.05.2023 15:17:00;28;192.168.1.128;0;Lütfen LOT içim Son Kullanma Tarihi bilgisini yaziniz.;5;;
91820;29.05.2023 15:17:00;28;192.168.1.128;3016;Stok Düzenleme Ekrani Girisi;5;;Stok
91821;29.05.2023 15:18:00;28;192.168.1.128;3016;Stok Depo Miktarlari Detay;5;;stok
91822;29.05.2023 15:18:00;28;192.168.1.128;3016;Stok Düzenleme Ekrani Girisi;5;;Stok
91823;29.05.2023 15:18:00;28;192.168.1.128;0;Stok Miktari Güncelleme. ISLEM: miktarCik MIKTAR: 2700;5;;
91824;29.05.2023 15:18:00;28;192.168.1.128;3016;Stok Düzenleme Ekrani Girisi;5;;Stok
91825;29.05.2023 15:18:00;28;192.168.1.128;0;Stok Listesi Ekrani;5;;Stok
91826;29.05.2023 15:18:00;28;192.168.1.128;0;Stok Listesi Ekrani;5;;Stok
91827;29.05.2023 15:18:00;28;192.168.1.128;3016;Stok Depo Miktarlari Detay;5;;stok
91828;29.05.2023 15:18:00;28;192.168.1.128;3016;Stok Düzenleme Ekrani Girisi;5;;Stok
91829;29.05.2023 15:18:00;28;192.168.1.128;0;Stok Miktari Güncelleme. ISLEM: miktarCik MIKTAR: 5000;5;;
91830;29.05.2023 15:18:00;28;192.168.1.128;3016;Stok Düzenleme Ekrani Girisi;5;;Stok
91831;29.05.2023 15:18:00;28;192.168.1.128;0;Stok Listesi Ekrani;5;;Stok
91832;29.05.2023 15:19:00;28;192.168.1.128;0;Stok Listesi Ekrani;5;;Stok
91833;29.05.2023 15:20:00;28;192.168.1.128;0;Stok Listesi Ekrani;5;;Stok
91834;29.05.2023 15:21:00;28;192.168.1.128;0;Stok Listesi Ekrani;5;;Stok
91835;29.05.2023 15:22:00;28;192.168.1.128;0;Stok Listesi Ekrani;5;;Stok
91836;29.05.2023 15:23:00;28;192.168.1.128;0;Stok Listesi Ekrani;5;;Stok
91837;29.05.2023 15:24:00;28;192.168.1.128;0;Stok Listesi Ekrani;5;;Stok
91838;29.05.2023 15:26:00;28;192.168.1.128;0;Stok Listesi Ekrani;5;;Stok
91839;29.05.2023 15:26:00;28;192.168.1.128;239;Stok Depo Miktarlari Detay;5;;stok
91840;29.05.2023 15:26:00;28;192.168.1.128;239;Stok Düzenleme Ekrani Girisi;5;;Stok
91841;29.05.2023 15:26:00;28;192.168.1.128;0;Stok Miktari Güncelleme. ISLEM: miktarGir MIKTAR: 2800;5;;
91842;29.05.2023 15:26:00;28;192.168.1.128;239;Stok Düzenleme Ekrani Girisi;5;;Stok
91843;29.05.2023 15:26:00;28;192.168.1.128;0;Stok Listesi Ekrani;5;;Stok
91844;29.05.2023 15:28:00;28;192.168.1.128;0;Stok Listesi Ekrani;5;;Stok
91845;29.05.2023 15:28:00;28;192.168.1.128;285;Stok Depo Miktarlari Detay;5;;stok
91846;29.05.2023 15:28:00;28;192.168.1.128;285;Stok Düzenleme Ekrani Girisi;5;;Stok
91847;29.05.2023 15:29:00;28;192.168.1.128;0;Stok Miktari Güncelleme. ISLEM: miktarGir MIKTAR: 2500;5;;
91848;29.05.2023 15:29:00;28;192.168.1.128;285;Stok Düzenleme Ekrani Girisi;5;;Stok
91849;29.05.2023 15:29:00;28;192.168.1.128;0;Stok Listesi Ekrani;5;;Stok
91850;29.05.2023 15:29:00;28;192.168.1.128;0;Stok Listesi Ekrani;5;;Stok
91851;29.05.2023 15:29:00;28;192.168.1.128;0;Stok Listesi Ekrani;5;;Stok
91852;29.05.2023 15:31:00;28;192.168.1.128;329;Stok Depo Miktarlari Detay;5;;stok
91853;29.05.2023 15:31:00;28;192.168.1.128;98;Stok Düzenleme Ekrani Girisi;5;;Stok
91854;29.05.2023 15:32:00;28;192.168.1.128;0;Stok Listesi Ekrani;5;;Stok
91855;29.05.2023 15:32:00;28;192.168.1.128;181;Stok Depo Miktarlari Detay;5;;stok
91856;29.05.2023 15:32:00;28;192.168.1.128;181;Stok Depo Miktarlari Detay;5;;stok
91857;29.05.2023 15:32:00;28;192.168.1.128;0;Stok Miktari Güncelleme. ISLEM: miktarGir MIKTAR: 250;5;;
91858;29.05.2023 15:32:00;28;192.168.1.128;98;Stok Düzenleme Ekrani Girisi;5;;Stok
91859;29.05.2023 15:32:00;28;192.168.1.128;0;Stok Listesi Ekrani;5;;Stok
91860;29.05.2023 15:33:00;36;192.168.1.164;0;Welcome Dashboard;5;;Dashboard
91861;29.05.2023 15:33:00;36;192.168.1.164;0;Kalite Kontrol Bekleyen Ürünler Ekrani;5;;Kalite Kontrol
91862;29.05.2023 15:33:00;36;192.168.1.164;0;Kalite kontrol formlari listendi;5;;Kalite Kontrol
91863;29.05.2023 15:33:00;28;192.168.1.128;0;Stok Listesi Ekrani;5;;Stok
91864;29.05.2023 15:34:00;28;192.168.1.128;0;Stok Listesi Ekrani;5;;Stok
91865;29.05.2023 15:34:00;28;192.168.1.128;0;Stok Listesi Ekrani;5;;Stok
91866;29.05.2023 15:35:00;28;192.168.1.128;100;Stok Depo Miktarlari Detay;5;;stok
91867;29.05.2023 15:35:00;28;192.168.1.128;100;Stok Düzenleme Ekrani Girisi;5;;Stok
91868;29.05.2023 15:35:00;28;192.168.1.128;100;Stok Güncelleme: HM-00236;5;;Stok
91869;29.05.2023 15:35:00;28;192.168.1.128;100;Ürün bilgileri güncellendi:HM-00236;5;;Stok
91870;29.05.2023 15:35:00;28;192.168.1.128;0;Stok Listesi Ekrani;5;;Stok
91871;29.05.2023 15:36:00;28;192.168.1.128;0;Stok Listesi Ekrani;5;;Stok
91872;29.05.2023 15:36:00;28;192.168.1.128;3040;Stok Depo Miktarlari Detay;5;;stok
91873;29.05.2023 15:36:00;28;192.168.1.128;3040;Stok Düzenleme Ekrani Girisi;5;;Stok
91874;29.05.2023 15:36:00;28;192.168.1.128;0;Stok Listesi Ekrani;5;;Stok
91875;29.05.2023 15:36:00;28;192.168.1.128;0;Stok Miktari Güncelleme. ISLEM: miktarCik MIKTAR: 3150;5;;
91876;29.05.2023 15:36:00;28;192.168.1.128;3040;Stok Düzenleme Ekrani Girisi;5;;Stok
91877;29.05.2023 15:36:00;28;192.168.1.128;0;Stok Listesi Ekrani;5;;Stok
91878;29.05.2023 15:37:00;28;192.168.1.128;0;Stok Listesi Ekrani;5;;Stok
91879;29.05.2023 15:37:00;28;192.168.1.128;0;Seçtiginiz kriterlerde kayit bulunamadi;5;;Stok
91880;29.05.2023 15:38:00;28;192.168.1.128;0;Stok Listesi Ekrani;5;;Stok
91881;29.05.2023 15:40:00;28;192.168.1.128;0;Stok Listesi Ekrani;5;;Stok
91882;29.05.2023 15:41:00;28;192.168.1.128;379;Stok Düzenleme Ekrani Girisi;5;;Stok
91883;29.05.2023 15:41:00;28;192.168.1.128;379;Stok Güncelleme: YM-00002;5;;Stok
91884;29.05.2023 15:41:00;28;192.168.1.128;379;Ürün bilgileri güncellendi:YM-00002;5;;Stok
91885;29.05.2023 15:41:00;28;192.168.1.128;0;Stok Listesi Ekrani;5;;Stok
91886;29.05.2023 15:41:00;28;192.168.1.128;0;Stok Listesi Ekrani;5;;Stok
91887;29.05.2023 15:41:00;28;192.168.1.128;0;Seçtiginiz kriterlerde kayit bulunamadi;5;;Stok
91888;29.05.2023 15:41:00;28;192.168.1.128;0;Stok Listesi Ekrani;5;;Stok
91889;29.05.2023 15:41:00;28;192.168.1.128;0;Mal Kabul Ekrani Giris;5;;Lojistik
91890;29.05.2023 15:42:00;28;192.168.1.128;0;Stok Listesi Ekrani;5;;Stok
91891;29.05.2023 15:42:00;28;192.168.1.128;0;Stok Listesi Ekrani;5;;Stok
91892;29.05.2023 15:43:00;28;192.168.1.128;0;Stok Listesi Ekrani;5;;Stok
91893;29.05.2023 15:43:00;28;192.168.1.128;0;Mal Kabul Ekrani Giris;5;;Lojistik
91894;29.05.2023 15:43:00;28;192.168.1.128;0;Depolar arasi transfer giris depo seçildi giris depo:;5;;Depo
91895;29.05.2023 15:43:00;28;192.168.1.128;0;Depolar arasi transfer giris depo seçildi giris depo:;5;;Depo
91896;29.05.2023 15:43:00;28;192.168.1.128;0;Depolar arasi transfer giris depo seçildi giris depo:Üretim Depo;5;;Depo
91897;29.05.2023 15:44:00;28;192.168.1.128;0;Depo transferi olusturuldu <b>stokHareketID:</b> 449;5;;Depo
91898;29.05.2023 15:44:00;28;192.168.1.128;0;Depolar arasi transfer giris depo seçildi giris depo:Üretim Depo;5;;Depo
91899;29.05.2023 15:44:00;36;192.168.1.164;0;Welcome Dashboard;5;;Dashboard
91900;29.05.2023 15:44:00;36;192.168.1.164;0;Kalite Kontrol Bekleyen Ürünler Ekrani;5;;Kalite Kontrol
91901;29.05.2023 15:44:00;28;192.168.1.128;0;Stok Listesi Ekrani;5;;Stok
91902;29.05.2023 15:44:00;36;192.168.1.164;0;Kalite kontrol formlari listendi;5;;Kalite Kontrol
91903;29.05.2023 15:44:00;28;192.168.1.128;0;Stok Listesi Ekrani;5;;Stok
91904;29.05.2023 15:51:00;28;192.168.1.128;0;Stok Listesi Ekrani;5;;Stok
91905;29.05.2023 15:52:00;28;192.168.1.128;0;Stok Listesi Ekrani;5;;Stok
91906;29.05.2023 15:57:00;28;192.168.1.128;0;Stok Listesi Ekrani;5;;Stok
91907;29.05.2023 15:58:00;28;192.168.1.128;0;Stok Listesi Ekrani;5;;Stok
91908;29.05.2023 15:58:00;28;192.168.1.128;0;Stok Listesi Ekrani;5;;Stok
91909;29.05.2023 15:59:00;28;192.168.1.128;0;Stok Listesi Ekrani;5;;Stok
91910;29.05.2023 16:01:00;28;192.168.1.128;0;Stok Listesi Ekrani;5;;Stok
91911;29.05.2023 16:03:00;28;192.168.1.128;0;Stok Listesi Ekrani;5;;Stok
91912;29.05.2023 16:05:00;28;192.168.1.128;0;Stok Listesi Ekrani;5;;Stok
91913;29.05.2023 16:05:00;28;192.168.1.128;295;Stok Depo Miktarlari Detay;5;;stok
91914;29.05.2023 16:10:00;28;192.168.1.128;0;Stok Listesi Ekrani;5;;Stok
91915;29.05.2023 16:31:00;28;192.168.1.128;0;Stok Listesi Ekrani;5;;Stok
91916;29.05.2023 16:33:00;27;192.168.1.138;0;Satinalma Temp Siparis Olusturma Ekrani;5;;Satin Alma
91917;29.05.2023 16:33:00;28;192.168.1.128;0;Stok Listesi Ekrani;5;;Stok
91918;29.05.2023 16:33:00;28;192.168.1.128;202;Stok Depo Miktarlari Detay;5;;stok
91919;29.05.2023 16:34:00;27;192.168.1.138;0;Mal Kabul Siparisleri Listelendi;5;;Satin Alma
91920;29.05.2023 16:34:00;27;192.168.1.138;0;Mal Kabul Siparisleri Listelendi;5;;Satin Alma
91921;29.05.2023 16:37:00;28;192.168.1.128;0;Stok Listesi Ekrani;5;;Stok
91922;29.05.2023 16:37:00;28;192.168.1.128;217;Stok Düzenleme Ekrani Girisi;5;;Stok
91923;29.05.2023 16:37:00;28;192.168.1.128;217;Stok Güncelleme: HM-00388;5;;Stok
91924;29.05.2023 16:37:00;28;192.168.1.128;217;Ürün bilgileri güncellendi:HM-00388;5;;Stok
91925;29.05.2023 16:37:00;28;192.168.1.128;0;Stok Listesi Ekrani;5;;Stok
91926;29.05.2023 16:37:00;28;192.168.1.128;0;Mal Kabul Siparisleri Listelendi;5;;Satin Alma
91927;29.05.2023 16:41:00;28;192.168.1.128;0;Mal Kabul Ekrani Giris;5;;Lojistik
91928;29.05.2023 16:42:00;36;192.168.1.164;0;Kalite Kontrol Bekleyen Ürünler Ekrani;5;;Kalite Kontrol
91929;29.05.2023 16:42:00;36;192.168.1.164;0;Kalite kontrol formlari listendi;5;;Kalite Kontrol
91930;29.05.2023 16:42:00;36;192.168.1.164;0;Kalite Kontrol Bekleyen Ürünler Ekrani;5;;Kalite Kontrol
91931;29.05.2023 16:42:00;28;192.168.1.128;0;Mal Kabul Siparisleri Listelendi;5;;Satin Alma
91932;29.05.2023 16:43:00;27;192.168.1.138;0;684 carisine satin alma siparisi için 182 kodlu ürün eklendi;5;;Satin Alma
91933;29.05.2023 16:43:00;27;192.168.1.138;0;Satinalma siparis ana tablo aktarimi;5;;Satin Alma
91934;29.05.2023 16:44:00;28;192.168.1.128;0;Mal Kabul Belge Kayit:KRM2023000002992;5;;Mal Kabul
91935;29.05.2023 16:44:00;28;192.168.1.128;0;Mal Kabul Belge Kayit:KRM2023000002992;5;;Mal Kabul
91936;29.05.2023 16:45:00;29;192.168.1.189;0;Welcome Dashboard;5;;Dashboard
91937;29.05.2023 16:45:00;29;192.168.1.189;0;Welcome Dashboard;5;;Dashboard
91938;29.05.2023 16:45:00;29;192.168.1.189;0;Stok Listesi Ekrani;5;;Stok
91939;29.05.2023 16:46:00;36;192.168.1.164;0;Kalite Kontrol Bekleyen Ürünler Ekrani;5;;Kalite Kontrol
91940;29.05.2023 16:46:00;36;192.168.1.164;452;Stok girisi kalite kontrol onayi;5;;Kalite Kontrol
91941;29.05.2023 16:46:00;29;192.168.1.189;0;Stok Listesi Ekrani;5;;Stok
91942;29.05.2023 16:46:00;29;192.168.1.189;0;Seçtiginiz kriterlerde kayit bulunamadi;5;;Stok
91943;29.05.2023 16:46:00;29;192.168.1.189;0;Stok Listesi Ekrani;5;;Stok
91944;29.05.2023 16:47:00;28;192.168.1.128;0;Mal Kabul Siparisleri Listelendi;5;;Satin Alma
91945;29.05.2023 16:47:00;28;192.168.1.128;0;Stok Listesi Ekrani;5;;Stok
91946;29.05.2023 16:47:00;28;192.168.1.128;0;Stok Listesi Ekrani;5;;Stok
91947;29.05.2023 16:48:00;36;192.168.1.164;0;Kalite Kontrol ürün kabul: 452;5;;Kalite Kontrol
91948;29.05.2023 16:48:00;36;192.168.1.164;0;Kalite Kontrol Bekleyen Ürünler Ekrani;5;;Kalite Kontrol
91949;29.05.2023 16:48:00;36;192.168.1.164;451;Stok girisi kalite kontrol onayi;5;;Kalite Kontrol
91950;29.05.2023 16:48:00;28;192.168.1.128;0;Stok Listesi Ekrani;5;;Stok
91951;29.05.2023 16:48:00;36;192.168.1.164;0;Kalite Kontrol ürün kabul: 451;5;;Kalite Kontrol
91952;29.05.2023 16:48:00;36;192.168.1.164;0;Kalite Kontrol Bekleyen Ürünler Ekrani;5;;Kalite Kontrol
91953;29.05.2023 16:48:00;28;192.168.1.128;218;Stok Düzenleme Ekrani Girisi;5;;Stok
91954;29.05.2023 16:48:00;36;192.168.1.164;0;Kalite kontrol formlari listendi;5;;Kalite Kontrol
91955;29.05.2023 16:48:00;36;192.168.1.164;0;Kalite Kontrol Formu olusturma;5;;Kalite Kontrol
91956;29.05.2023 16:48:00;36;192.168.1.164;0;Kalite Kontrol Formu olusturma;5;;Kalite Kontrol
91957;29.05.2023 16:48:00;36;192.168.1.164;0;Kalite Kontrol Formu olusturma;5;;Kalite Kontrol
91958;29.05.2023 16:48:00;36;192.168.1.164;0;Kalite Kontrol Formu olusturma;5;;Kalite Kontrol
91959;29.05.2023 16:48:00;28;192.168.1.128;218;Stok Güncelleme: HM-00389;5;;Stok
91960;29.05.2023 16:48:00;28;192.168.1.128;218;Ürün bilgileri güncellendi:HM-00389;5;;Stok
91961;29.05.2023 16:48:00;28;192.168.1.128;0;Stok Listesi Ekrani;5;;Stok
91962;29.05.2023 16:48:00;36;192.168.1.164;0;Kalite Kontrol Form degeri kayit;5;;Kalite Kontrol
91963;29.05.2023 16:48:00;36;192.168.1.164;0;Kalite Kontrol Form degeri kayit;5;;Kalite Kontrol
91964;29.05.2023 16:48:00;36;192.168.1.164;0;Kalite Kontrol Form degeri kayit;5;;Kalite Kontrol
91965;29.05.2023 16:48:00;36;192.168.1.164;0;Kalite Kontrol Form degeri kayit;5;;Kalite Kontrol
91966;29.05.2023 16:48:00;36;192.168.1.164;0;Kalite Kontrol Form degeri kayit;5;;Kalite Kontrol
91967;29.05.2023 16:48:00;36;192.168.1.164;0;Kalite Kontrol Form degeri kayit;5;;Kalite Kontrol
91968;29.05.2023 16:48:00;36;192.168.1.164;0;Kalite Kontrol Form degeri kayit;5;;Kalite Kontrol
91969;29.05.2023 16:48:00;36;192.168.1.164;0;Kalite Kontrol Form degeri kayit;5;;Kalite Kontrol
91970;29.05.2023 16:49:00;36;192.168.1.164;0;Kalite Kontrol Formu olusturma;5;;Kalite Kontrol
91971;29.05.2023 16:49:00;36;192.168.1.164;0;Kalite Kontrol Formu olusturma;5;;Kalite Kontrol
91972;29.05.2023 16:50:00;36;192.168.1.164;0;Kalite Kontrol Formu olusturma;5;;Kalite Kontrol
91973;29.05.2023 16:50:00;36;192.168.1.164;0;Kalite Kontrol Formu olusturma;5;;Kalite Kontrol
91974;29.05.2023 16:50:00;27;192.168.1.138;0;Log dosyasi olusturuldu. Olusturulan dosya : ;5;;
91975;29.05.2023 16:50:00;28;192.168.1.128;0;Log dosyasi olusturuldu. Olusturulan dosya : ;5;;
91976;29.05.2023 16:50:00;32;192.168.1.248;0;Log dosyasi olusturuldu. Olusturulan dosya : ;5;;
91977;29.05.2023 16:50:00;36;192.168.1.164;0;Log dosyasi olusturuldu. Olusturulan dosya : ;5;;
91978;29.05.2023 16:50:00;29;192.168.1.189;0;Log dosyasi olusturuldu. Olusturulan dosya : ;5;;
91979;29.05.2023 16:50:00;2;127.0.0.1;0;Log dosyasi olusturuldu. Olusturulan dosya : ;5;;
91980;29.05.2023 16:50:00;36;192.168.1.164;0;Kalite Kontrol Form degeri kayit;5;;Kalite Kontrol
91981;29.05.2023 16:50:00;27;192.168.1.138;0;Log dosyasi olusturuldu. Olusturulan dosya : ;5;;
91982;29.05.2023 16:50:00;28;192.168.1.128;0;Log dosyasi olusturuldu. Olusturulan dosya : ;5;;
91983;29.05.2023 16:50:00;28;192.168.1.128;0;Log dosyasi olusturuldu. Olusturulan dosya : ;5;;
91984;29.05.2023 16:50:00;27;192.168.1.138;0;Log dosyasi olusturuldu. Olusturulan dosya : ;5;;
91985;29.05.2023 16:50:00;36;192.168.1.164;0;Log dosyasi olusturuldu. Olusturulan dosya : ;5;;
91986;29.05.2023 16:50:00;32;192.168.1.248;0;Log dosyasi olusturuldu. Olusturulan dosya : ;5;;
91987;29.05.2023 16:50:00;29;192.168.1.189;0;Log dosyasi olusturuldu. Olusturulan dosya : ;5;;
91988;29.05.2023 16:50:00;2;127.0.0.1;0;Log dosyasi olusturuldu. Olusturulan dosya : ;5;;
91989;29.05.2023 16:50:00;27;192.168.1.138;0;Log dosyasi olusturuldu. Olusturulan dosya : ;5;;
91990;29.05.2023 16:50:00;28;192.168.1.128;0;Log dosyasi olusturuldu. Olusturulan dosya : ;5;;
91991;29.05.2023 16:50:00;28;192.168.1.128;0;Log dosyasi olusturuldu. Olusturulan dosya : ;5;;
91992;29.05.2023 16:50:00;27;192.168.1.138;0;Log dosyasi olusturuldu. Olusturulan dosya : ;5;;
91993;29.05.2023 16:50:00;36;192.168.1.164;0;Log dosyasi olusturuldu. Olusturulan dosya : ;5;;
91994;29.05.2023 16:50:00;29;192.168.1.189;0;Log dosyasi olusturuldu. Olusturulan dosya : ;5;;
91995;29.05.2023 16:50:00;32;192.168.1.248;0;Log dosyasi olusturuldu. Olusturulan dosya : ;5;;
91996;29.05.2023 16:50:00;28;192.168.1.128;0;Log dosyasi olusturuldu. Olusturulan dosya : ;5;;
91997;29.05.2023 16:50:00;27;192.168.1.138;0;Log dosyasi olusturuldu. Olusturulan dosya : ;5;;
91998;29.05.2023 16:50:00;28;192.168.1.128;0;Log dosyasi olusturuldu. Olusturulan dosya : ;5;;
91999;29.05.2023 16:50:00;2;127.0.0.1;0;Log dosyasi olusturuldu. Olusturulan dosya : ;5;;
92000;29.05.2023 16:50:00;28;192.168.1.128;0;Mal Kabul Ekrani Giris;5;;Lojistik
92001;29.05.2023 16:50:00;29;192.168.1.189;0;Log dosyasi olusturuldu. Olusturulan dosya : ;5;;
92002;29.05.2023 16:50:00;27;192.168.1.138;0;Log dosyasi olusturuldu. Olusturulan dosya : ;5;;
92003;29.05.2023 16:50:00;28;192.168.1.128;0;Log dosyasi olusturuldu. Olusturulan dosya : ;5;;
92004;29.05.2023 16:50:00;36;192.168.1.164;0;Log dosyasi olusturuldu. Olusturulan dosya : ;5;;
92005;29.05.2023 16:50:00;32;192.168.1.248;0;Log dosyasi olusturuldu. Olusturulan dosya : ;5;;
92006;29.05.2023 16:50:00;27;192.168.1.138;0;Log dosyasi olusturuldu. Olusturulan dosya : ;5;;
92007;29.05.2023 16:50:00;28;192.168.1.128;0;Log dosyasi olusturuldu. Olusturulan dosya : ;5;;
92008;29.05.2023 16:50:00;29;192.168.1.189;0;Log dosyasi olusturuldu. Olusturulan dosya : ;5;;
92009;29.05.2023 16:50:00;2;127.0.0.1;0;Log dosyasi olusturuldu. Olusturulan dosya : ;5;;
92010;29.05.2023 16:50:00;28;192.168.1.128;0;Log dosyasi olusturuldu. Olusturulan dosya : ;5;;
92011;29.05.2023 16:50:00;27;192.168.1.138;0;Log dosyasi olusturuldu. Olusturulan dosya : ;5;;
92012;29.05.2023 16:50:00;36;192.168.1.164;0;Log dosyasi olusturuldu. Olusturulan dosya : ;5;;
92013;29.05.2023 16:50:00;32;192.168.1.248;0;Log dosyasi olusturuldu. Olusturulan dosya : ;5;;
92014;29.05.2023 16:50:00;29;192.168.1.189;0;Log dosyasi olusturuldu. Olusturulan dosya : ;5;;
92015;29.05.2023 16:50:00;28;192.168.1.128;0;Log dosyasi olusturuldu. Olusturulan dosya : ;5;;
92016;29.05.2023 16:50:00;27;192.168.1.138;0;Log dosyasi olusturuldu. Olusturulan dosya : ;5;;
92017;29.05.2023 16:50:00;28;192.168.1.128;0;Log dosyasi olusturuldu. Olusturulan dosya : ;5;;
92018;29.05.2023 16:50:00;2;127.0.0.1;0;Log dosyasi olusturuldu. Olusturulan dosya : ;5;;
92019;29.05.2023 16:50:00;27;192.168.1.138;0;Log dosyasi olusturuldu. Olusturulan dosya : ;5;;
92020;29.05.2023 16:50:00;36;192.168.1.164;0;Log dosyasi olusturuldu. Olusturulan dosya : ;5;;
92021;29.05.2023 16:50:00;32;192.168.1.248;0;Log dosyasi olusturuldu. Olusturulan dosya : ;5;;
92022;29.05.2023 16:50:00;29;192.168.1.189;0;Log dosyasi olusturuldu. Olusturulan dosya : ;5;;
92023;29.05.2023 16:50:00;28;192.168.1.128;0;Log dosyasi olusturuldu. Olusturulan dosya : ;5;;
92024;29.05.2023 16:50:00;27;192.168.1.138;0;Log dosyasi olusturuldu. Olusturulan dosya : ;5;;
92025;29.05.2023 16:50:00;28;192.168.1.128;0;Log dosyasi olusturuldu. Olusturulan dosya : ;5;;
92026;29.05.2023 16:50:00;27;192.168.1.138;0;Log dosyasi olusturuldu. Olusturulan dosya : ;5;;
92027;29.05.2023 16:50:00;2;127.0.0.1;0;Log dosyasi olusturuldu. Olusturulan dosya : ;5;;
92028;29.05.2023 16:50:00;36;192.168.1.164;0;Log dosyasi olusturuldu. Olusturulan dosya : ;5;;
92029;29.05.2023 16:50:00;32;192.168.1.248;0;Log dosyasi olusturuldu. Olusturulan dosya : ;5;;
92030;29.05.2023 16:50:00;29;192.168.1.189;0;Log dosyasi olusturuldu. Olusturulan dosya : ;5;;
92031;29.05.2023 16:50:00;28;192.168.1.128;0;Log dosyasi olusturuldu. Olusturulan dosya : ;5;;
92032;29.05.2023 16:50:00;27;192.168.1.138;0;Log dosyasi olusturuldu. Olusturulan dosya : ;5;;
92033;29.05.2023 16:50:00;28;192.168.1.128;0;Log dosyasi olusturuldu. Olusturulan dosya : ;5;;
92034;29.05.2023 16:51:00;27;192.168.1.138;0;Log dosyasi olusturuldu. Olusturulan dosya : ;5;;
92035;29.05.2023 16:51:00;36;192.168.1.164;0;Log dosyasi olusturuldu. Olusturulan dosya : ;5;;
92036;29.05.2023 16:51:00;2;127.0.0.1;0;Log dosyasi olusturuldu. Olusturulan dosya : ;5;;
92037;29.05.2023 16:51:00;29;192.168.1.189;0;Log dosyasi olusturuldu. Olusturulan dosya : ;5;;
92038;29.05.2023 16:51:00;28;192.168.1.128;0;Log dosyasi olusturuldu. Olusturulan dosya : ;5;;
92039;29.05.2023 16:51:00;32;192.168.1.248;0;Log dosyasi olusturuldu. Olusturulan dosya : ;5;;
92040;29.05.2023 16:51:00;27;192.168.1.138;0;Log dosyasi olusturuldu. Olusturulan dosya : ;5;;
92041;29.05.2023 16:51:00;28;192.168.1.128;0;Log dosyasi olusturuldu. Olusturulan dosya : ;5;;
92042;29.05.2023 16:51:00;29;192.168.1.189;0;Log dosyasi olusturuldu. Olusturulan dosya : ;5;;
92043;29.05.2023 16:51:00;28;192.168.1.128;0;Log dosyasi olusturuldu. Olusturulan dosya : ;5;;
92044;29.05.2023 16:51:00;27;192.168.1.138;0;Log dosyasi olusturuldu. Olusturulan dosya : ;5;;
92045;29.05.2023 16:51:00;36;192.168.1.164;0;Log dosyasi olusturuldu. Olusturulan dosya : ;5;;
92046;29.05.2023 16:51:00;2;127.0.0.1;0;Log dosyasi olusturuldu. Olusturulan dosya : ;5;;
92047;29.05.2023 16:51:00;32;192.168.1.248;0;Log dosyasi olusturuldu. Olusturulan dosya : ;5;;
92048;29.05.2023 16:51:00;29;192.168.1.189;0;Log dosyasi olusturuldu. Olusturulan dosya : ;5;;
92049;29.05.2023 16:51:00;27;192.168.1.138;0;Log dosyasi olusturuldu. Olusturulan dosya : ;5;;
92050;29.05.2023 16:51:00;28;192.168.1.128;0;Log dosyasi olusturuldu. Olusturulan dosya : ;5;;
92051;29.05.2023 16:51:00;28;192.168.1.128;0;Log dosyasi olusturuldu. Olusturulan dosya : ;5;;
92052;29.05.2023 16:51:00;27;192.168.1.138;0;Log dosyasi olusturuldu. Olusturulan dosya : ;5;;
92053;29.05.2023 16:51:00;36;192.168.1.164;0;Log dosyasi olusturuldu. Olusturulan dosya : ;5;;
92054;29.05.2023 16:51:00;32;192.168.1.248;0;Log dosyasi olusturuldu. Olusturulan dosya : ;5;;
92055;29.05.2023 16:51:00;2;127.0.0.1;0;Log dosyasi olusturuldu. Olusturulan dosya : ;5;;
92056;29.05.2023 16:51:00;29;192.168.1.189;0;Log dosyasi olusturuldu. Olusturulan dosya : ;5;;
92057;29.05.2023 16:51:00;28;192.168.1.128;0;Log dosyasi olusturuldu. Olusturulan dosya : ;5;;
92058;29.05.2023 16:51:00;27;192.168.1.138;0;Log dosyasi olusturuldu. Olusturulan dosya : ;5;;
92059;29.05.2023 16:51:00;28;192.168.1.128;0;Log dosyasi olusturuldu. Olusturulan dosya : ;5;;
92060;29.05.2023 16:51:00;27;192.168.1.138;0;Log dosyasi olusturuldu. Olusturulan dosya : ;5;;
92061;29.05.2023 16:51:00;36;192.168.1.164;0;Log dosyasi olusturuldu. Olusturulan dosya : ;5;;
92062;29.05.2023 16:51:00;32;192.168.1.248;0;Log dosyasi olusturuldu. Olusturulan dosya : ;5;;
92063;29.05.2023 16:51:00;2;127.0.0.1;0;Log dosyasi olusturuldu. Olusturulan dosya : ;5;;
92064;29.05.2023 16:51:00;29;192.168.1.189;0;Log dosyasi olusturuldu. Olusturulan dosya : ;5;;
92065;29.05.2023 16:51:00;28;192.168.1.128;0;Log dosyasi olusturuldu. Olusturulan dosya : ;5;;
92066;29.05.2023 16:51:00;27;192.168.1.138;0;Log dosyasi olusturuldu. Olusturulan dosya : ;5;;
92067;29.05.2023 16:51:00;28;192.168.1.128;0;Log dosyasi olusturuldu. Olusturulan dosya : ;5;;
92068;29.05.2023 16:51:00;27;192.168.1.138;0;Log dosyasi olusturuldu. Olusturulan dosya : ;5;;
92069;29.05.2023 16:51:00;36;192.168.1.164;0;Log dosyasi olusturuldu. Olusturulan dosya : ;5;;
92070;29.05.2023 16:51:00;32;192.168.1.248;0;Log dosyasi olusturuldu. Olusturulan dosya : ;5;;
92071;29.05.2023 16:51:00;29;192.168.1.189;0;Log dosyasi olusturuldu. Olusturulan dosya : ;5;;
92072;29.05.2023 16:51:00;28;192.168.1.128;0;Log dosyasi olusturuldu. Olusturulan dosya : ;5;;
92073;29.05.2023 16:51:00;2;127.0.0.1;0;Log dosyasi olusturuldu. Olusturulan dosya : ;5;;
92074;29.05.2023 16:51:00;27;192.168.1.138;0;Log dosyasi olusturuldu. Olusturulan dosya : ;5;;
92075;29.05.2023 16:51:00;28;192.168.1.128;0;Log dosyasi olusturuldu. Olusturulan dosya : ;5;;
92076;29.05.2023 16:51:00;29;192.168.1.189;0;Log dosyasi olusturuldu. Olusturulan dosya : ;5;;
92077;29.05.2023 16:51:00;27;192.168.1.138;0;Log dosyasi olusturuldu. Olusturulan dosya : ;5;;
92078;29.05.2023 16:51:00;28;192.168.1.128;0;Log dosyasi olusturuldu. Olusturulan dosya : ;5;;
92079;29.05.2023 16:51:00;32;192.168.1.248;0;Log dosyasi olusturuldu. Olusturulan dosya : ;5;;
92080;29.05.2023 16:51:00;36;192.168.1.164;0;Log dosyasi olusturuldu. Olusturulan dosya : ;5;;
92081;29.05.2023 16:51:00;2;127.0.0.1;0;Log dosyasi olusturuldu. Olusturulan dosya : ;5;;
92082;29.05.2023 16:51:00;27;192.168.1.138;0;Log dosyasi olusturuldu. Olusturulan dosya : ;5;;
92083;29.05.2023 16:51:00;28;192.168.1.128;0;Log dosyasi olusturuldu. Olusturulan dosya : ;5;;
92084;29.05.2023 16:51:00;29;192.168.1.189;0;Log dosyasi olusturuldu. Olusturulan dosya : ;5;;
92085;29.05.2023 16:51:00;28;192.168.1.128;0;Log dosyasi olusturuldu. Olusturulan dosya : ;5;;
92086;29.05.2023 16:51:00;27;192.168.1.138;0;Log dosyasi olusturuldu. Olusturulan dosya : ;5;;
92087;29.05.2023 16:51:00;32;192.168.1.248;0;Log dosyasi olusturuldu. Olusturulan dosya : ;5;;
92088;29.05.2023 16:51:00;36;192.168.1.164;0;Log dosyasi olusturuldu. Olusturulan dosya : ;5;;
92089;29.05.2023 16:51:00;2;127.0.0.1;0;Log dosyasi olusturuldu. Olusturulan dosya : ;5;;
92090;29.05.2023 16:51:00;29;192.168.1.189;0;Log dosyasi olusturuldu. Olusturulan dosya : ;5;;
92091;29.05.2023 16:51:00;28;192.168.1.128;0;Log dosyasi olusturuldu. Olusturulan dosya : ;5;;
92092;29.05.2023 16:51:00;27;192.168.1.138;0;Log dosyasi olusturuldu. Olusturulan dosya : ;5;;
92093;29.05.2023 16:51:00;28;192.168.1.128;0;Log dosyasi olusturuldu. Olusturulan dosya : ;5;;
92094;29.05.2023 16:51:00;36;192.168.1.164;0;Kalite Kontrol Form degeri kayit;5;;Kalite Kontrol
92095;29.05.2023 16:51:00;27;192.168.1.138;0;Log dosyasi olusturuldu. Olusturulan dosya : ;5;;
92096;29.05.2023 16:51:00;36;192.168.1.164;0;Log dosyasi olusturuldu. Olusturulan dosya : ;5;;
92097;29.05.2023 16:51:00;36;192.168.1.164;0;Kalite Kontrol Form degeri kayit;5;;Kalite Kontrol
92098;29.05.2023 16:51:00;32;192.168.1.248;0;Log dosyasi olusturuldu. Olusturulan dosya : ;5;;
92099;29.05.2023 16:51:00;36;192.168.1.164;0;Kalite Kontrol Form degeri kayit;5;;Kalite Kontrol
92100;29.05.2023 16:51:00;29;192.168.1.189;0;Log dosyasi olusturuldu. Olusturulan dosya : ;5;;
92101;29.05.2023 16:51:00;36;192.168.1.164;0;Kalite Kontrol Form degeri kayit;5;;Kalite Kontrol
92102;29.05.2023 16:51:00;36;192.168.1.164;0;Kalite Kontrol Form degeri kayit;5;;Kalite Kontrol
92103;29.05.2023 16:51:00;36;192.168.1.164;0;Kalite Kontrol Form degeri kayit;5;;Kalite Kontrol
92104;29.05.2023 16:51:00;36;192.168.1.164;0;Kalite Kontrol Form degeri kayit;5;;Kalite Kontrol
92105;29.05.2023 16:51:00;28;192.168.1.128;0;Mal Kabul Belge Kayit:11111111111;5;;Mal Kabul
92106;29.05.2023 16:51:00;36;192.168.1.164;0;Kalite Kontrol Form degeri kayit;5;;Kalite Kontrol
92107;29.05.2023 16:51:00;36;192.168.1.164;0;Kalite Kontrol Form degeri kayit;5;;Kalite Kontrol
92108;29.05.2023 16:51:00;36;192.168.1.164;0;Kalite Kontrol Form degeri kayit;5;;Kalite Kontrol
92109;29.05.2023 16:51:00;36;192.168.1.164;0;Kalite Kontrol Form degeri kayit;5;;Kalite Kontrol
92110;29.05.2023 16:51:00;36;192.168.1.164;0;Kalite Kontrol Form degeri kayit;5;;Kalite Kontrol
92111;29.05.2023 16:51:00;36;192.168.1.164;0;Kalite Kontrol Form degeri kayit;5;;Kalite Kontrol
92112;29.05.2023 16:51:00;36;192.168.1.164;0;Kalite Kontrol Form degeri kayit;5;;Kalite Kontrol
92113;29.05.2023 16:51:00;36;192.168.1.164;0;Kalite Kontrol Form degeri kayit;5;;Kalite Kontrol
92114;29.05.2023 16:51:00;36;192.168.1.164;0;Kalite Kontrol Form degeri kayit;5;;Kalite Kontrol
92115;29.05.2023 16:51:00;36;192.168.1.164;0;Kalite Kontrol Form degeri kayit;5;;Kalite Kontrol
92116;29.05.2023 16:51:00;36;192.168.1.164;0;Kalite Kontrol Form degeri kayit;5;;Kalite Kontrol
92117;29.05.2023 16:51:00;36;192.168.1.164;0;Kalite Kontrol Form degeri kayit;5;;Kalite Kontrol
92118;29.05.2023 16:51:00;36;192.168.1.164;0;Kalite Kontrol Form degeri kayit;5;;Kalite Kontrol
92119;29.05.2023 16:51:00;36;192.168.1.164;0;Kalite Kontrol Form degeri kayit;5;;Kalite Kontrol
92120;29.05.2023 16:51:00;36;192.168.1.164;0;Kalite Kontrol Form degeri kayit;5;;Kalite Kontrol
92121;29.05.2023 16:51:00;36;192.168.1.164;0;Kalite Kontrol Form degeri kayit;5;;Kalite Kontrol
92122;29.05.2023 16:51:00;36;192.168.1.164;0;Kalite Kontrol Form degeri kayit;5;;Kalite Kontrol
92123;29.05.2023 16:51:00;36;192.168.1.164;0;Kalite Kontrol Form degeri kayit;5;;Kalite Kontrol
92124;29.05.2023 16:51:00;36;192.168.1.164;0;Kalite Kontrol Form degeri kayit;5;;Kalite Kontrol
92125;29.05.2023 16:51:00;36;192.168.1.164;0;Kalite Kontrol Form degeri kayit;5;;Kalite Kontrol
92126;29.05.2023 16:51:00;36;192.168.1.164;0;Kalite Kontrol Form degeri kayit;5;;Kalite Kontrol
92127;29.05.2023 16:52:00;36;192.168.1.164;0;Kalite Kontrol Form degeri kayit;5;;Kalite Kontrol
92128;29.05.2023 16:52:00;36;192.168.1.164;0;Kalite Kontrol Form degeri kayit;5;;Kalite Kontrol
92129;29.05.2023 16:52:00;0;192.168.1.250;0;Sifre Giris Ekrani;5;;
92130;29.05.2023 16:55:00;36;192.168.1.164;0;Kalite Kontrol Bekleyen Ürünler Ekrani;5;;Kalite Kontrol
92131;29.05.2023 16:55:00;36;192.168.1.164;0;Kalite kontrol formlari listendi;5;;Kalite Kontrol
92132;29.05.2023 16:55:00;36;192.168.1.164;0;Kalite Kontrol Formu olusturma;5;;Kalite Kontrol
92133;29.05.2023 16:55:00;36;192.168.1.164;0;Kalite Kontrol Formu olusturma;5;;Kalite Kontrol
92134;29.05.2023 16:56:00;36;192.168.1.164;0;Kalite Kontrol Formu olusturma;5;;Kalite Kontrol
92135;29.05.2023 16:56:00;36;192.168.1.164;0;Kalite Kontrol Form degeri kayit;5;;Kalite Kontrol
92136;29.05.2023 16:56:00;36;192.168.1.164;0;Kalite Kontrol Form degeri kayit;5;;Kalite Kontrol
92137;29.05.2023 16:56:00;36;192.168.1.164;0;Kalite Kontrol Form degeri kayit;5;;Kalite Kontrol
92138;29.05.2023 16:56:00;36;192.168.1.164;0;Kalite Kontrol Form degeri kayit;5;;Kalite Kontrol
92139;29.05.2023 16:56:00;36;192.168.1.164;0;Kalite Kontrol Form degeri kayit;5;;Kalite Kontrol
92140;29.05.2023 16:56:00;36;192.168.1.164;0;Kalite Kontrol Form degeri kayit;5;;Kalite Kontrol
92141;29.05.2023 16:56:00;36;192.168.1.164;0;Kalite Kontrol Form degeri kayit;5;;Kalite Kontrol
92142;29.05.2023 16:56:00;36;192.168.1.164;0;Kalite Kontrol Form degeri kayit;5;;Kalite Kontrol
92143;29.05.2023 16:56:00;36;192.168.1.164;0;Kalite Kontrol Form degeri kayit;5;;Kalite Kontrol
92144;29.05.2023 16:56:00;36;192.168.1.164;0;Kalite Kontrol Form degeri kayit;5;;Kalite Kontrol
92145;29.05.2023 16:56:00;36;192.168.1.164;0;Kalite Kontrol Form degeri kayit;5;;Kalite Kontrol
92146;29.05.2023 16:56:00;36;192.168.1.164;0;Kalite Kontrol Form degeri kayit;5;;Kalite Kontrol
92147;29.05.2023 16:56:00;36;192.168.1.164;0;Kalite Kontrol Form degeri kayit;5;;Kalite Kontrol
92148;29.05.2023 16:56:00;36;192.168.1.164;0;Kalite Kontrol Form degeri kayit;5;;Kalite Kontrol
92149;29.05.2023 16:56:00;36;192.168.1.164;0;Kalite Kontrol Form degeri kayit;5;;Kalite Kontrol
92150;29.05.2023 16:56:00;36;192.168.1.164;0;Kalite Kontrol Form degeri kayit;5;;Kalite Kontrol
92151;29.05.2023 16:56:00;36;192.168.1.164;0;Kalite Kontrol Form degeri kayit;5;;Kalite Kontrol
92152;29.05.2023 16:56:00;36;192.168.1.164;0;Kalite Kontrol Form degeri kayit;5;;Kalite Kontrol
92153;29.05.2023 16:56:00;36;192.168.1.164;0;Kalite Kontrol Form degeri kayit;5;;Kalite Kontrol
92154;29.05.2023 16:56:00;36;192.168.1.164;0;Kalite Kontrol Form degeri kayit;5;;Kalite Kontrol
92155;29.05.2023 16:56:00;36;192.168.1.164;0;Kalite Kontrol Form degeri kayit;5;;Kalite Kontrol
92156;29.05.2023 16:56:00;36;192.168.1.164;0;Kalite Kontrol Form degeri kayit;5;;Kalite Kontrol
92157;29.05.2023 16:56:00;36;192.168.1.164;0;Kalite Kontrol Form degeri kayit;5;;Kalite Kontrol
92158;29.05.2023 16:56:00;36;192.168.1.164;0;Kalite Kontrol Form degeri kayit;5;;Kalite Kontrol
92159;29.05.2023 16:56:00;36;192.168.1.164;0;Kalite Kontrol Form degeri kayit;5;;Kalite Kontrol
92160;29.05.2023 16:56:00;36;192.168.1.164;0;Kalite Kontrol Form degeri kayit;5;;Kalite Kontrol
92161;29.05.2023 16:56:00;36;192.168.1.164;0;Kalite Kontrol Form degeri kayit;5;;Kalite Kontrol
92162;29.05.2023 16:56:00;36;192.168.1.164;0;Kalite Kontrol Form degeri kayit;5;;Kalite Kontrol
92163;29.05.2023 16:56:00;36;192.168.1.164;0;Kalite Kontrol Form degeri kayit;5;;Kalite Kontrol
92164;29.05.2023 16:56:00;36;192.168.1.164;0;Kalite Kontrol Form degeri kayit;5;;Kalite Kontrol
92165;29.05.2023 16:56:00;36;192.168.1.164;0;Kalite Kontrol Form degeri kayit;5;;Kalite Kontrol
92166;29.05.2023 16:56:00;36;192.168.1.164;0;Kalite Kontrol Form degeri kayit;5;;Kalite Kontrol
92167;29.05.2023 16:56:00;36;192.168.1.164;0;Kalite Kontrol Form degeri kayit;5;;Kalite Kontrol
92168;29.05.2023 16:56:00;36;192.168.1.164;0;Kalite Kontrol Form degeri kayit;5;;Kalite Kontrol
92169;29.05.2023 16:56:00;36;192.168.1.164;0;Kalite Kontrol Form degeri kayit;5;;Kalite Kontrol
92170;29.05.2023 16:56:00;36;192.168.1.164;0;Kalite Kontrol Form degeri kayit;5;;Kalite Kontrol
92171;29.05.2023 16:56:00;36;192.168.1.164;0;Kalite Kontrol Form degeri kayit;5;;Kalite Kontrol
92172;29.05.2023 16:56:00;36;192.168.1.164;0;Kalite Kontrol Form degeri kayit;5;;Kalite Kontrol
92173;29.05.2023 16:56:00;36;192.168.1.164;0;Kalite Kontrol Form degeri kayit;5;;Kalite Kontrol
92174;29.05.2023 16:56:00;36;192.168.1.164;0;Kalite Kontrol Form degeri kayit;5;;Kalite Kontrol
92175;29.05.2023 16:56:00;36;192.168.1.164;0;Kalite Kontrol Form degeri kayit;5;;Kalite Kontrol
92176;29.05.2023 16:56:00;36;192.168.1.164;0;Kalite Kontrol Form degeri kayit;5;;Kalite Kontrol
92177;29.05.2023 16:56:00;36;192.168.1.164;0;Kalite Kontrol Form degeri kayit;5;;Kalite Kontrol
92178;29.05.2023 16:56:00;36;192.168.1.164;0;Kalite Kontrol Form degeri kayit;5;;Kalite Kontrol
92179;29.05.2023 16:56:00;36;192.168.1.164;0;Kalite Kontrol Form degeri kayit;5;;Kalite Kontrol
92180;29.05.2023 16:56:00;36;192.168.1.164;0;Kalite Kontrol Form degeri kayit;5;;Kalite Kontrol
92181;29.05.2023 16:56:00;36;192.168.1.164;0;Kalite Kontrol Form degeri kayit;5;;Kalite Kontrol
92182;29.05.2023 16:56:00;36;192.168.1.164;0;Kalite Kontrol Form degeri kayit;5;;Kalite Kontrol
92183;29.05.2023 16:56:00;36;192.168.1.164;0;Kalite Kontrol Form degeri kayit;5;;Kalite Kontrol
92184;29.05.2023 16:56:00;36;192.168.1.164;0;Kalite Kontrol Form degeri kayit;5;;Kalite Kontrol
92185;29.05.2023 16:56:00;36;192.168.1.164;0;Kalite Kontrol Form degeri kayit;5;;Kalite Kontrol
92186;29.05.2023 16:56:00;36;192.168.1.164;0;Kalite Kontrol Form degeri kayit;5;;Kalite Kontrol
92187;29.05.2023 16:56:00;36;192.168.1.164;0;Kalite Kontrol Form degeri kayit;5;;Kalite Kontrol
92188;29.05.2023 16:57:00;36;192.168.1.164;0;Kalite Kontrol Form degeri kayit;5;;Kalite Kontrol
92189;29.05.2023 16:57:00;36;192.168.1.164;0;Kalite Kontrol Form degeri kayit;5;;Kalite Kontrol
92190;29.05.2023 16:57:00;0;192.168.1.250;0;Sifre Giris Ekrani;5;;
92191;29.05.2023 16:57:00;36;192.168.1.164;0;Kalite kontrol formlari listendi;5;;Kalite Kontrol
92192;29.05.2023 16:57:00;36;192.168.1.164;0;Kalite kontrol formlari listendi;5;;Kalite Kontrol
92193;29.05.2023 16:58:00;36;192.168.1.164;0;Kalite Kontrol Bekleyen Ürünler Ekrani;5;;Kalite Kontrol
92194;29.05.2023 16:58:00;36;192.168.1.164;457;Stok girisi kalite kontrol onayi;5;;Kalite Kontrol
92195;29.05.2023 16:59:00;36;192.168.1.164;0;Kalite Kontrol ürün kabul: 457;5;;Kalite Kontrol
92196;29.05.2023 16:59:00;36;192.168.1.164;0;Kalite Kontrol Bekleyen Ürünler Ekrani;5;;Kalite Kontrol
92197;29.05.2023 16:59:00;36;192.168.1.164;0;Kalite kontrol formlari listendi;5;;Kalite Kontrol
92198;29.05.2023 17:01:00;36;192.168.1.164;0;Kalite kontrol formlari listendi;5;;Kalite Kontrol
92199;29.05.2023 17:01:00;36;192.168.1.164;0;Kalite Kontrol Formu olusturma;5;;Kalite Kontrol
92200;29.05.2023 17:01:00;36;192.168.1.164;0;Kalite Kontrol Formu olusturma;5;;Kalite Kontrol
92201;29.05.2023 17:02:00;36;192.168.1.164;0;Kalite Kontrol Formu olusturma;5;;Kalite Kontrol
92202;29.05.2023 17:02:00;36;192.168.1.164;0;Kalite Kontrol Form degeri kayit;5;;Kalite Kontrol
92203;29.05.2023 17:02:00;36;192.168.1.164;0;Kalite Kontrol Form degeri kayit;5;;Kalite Kontrol
92204;29.05.2023 17:02:00;36;192.168.1.164;0;Kalite Kontrol Form degeri kayit;5;;Kalite Kontrol
92205;29.05.2023 17:02:00;36;192.168.1.164;0;Kalite Kontrol Form degeri kayit;5;;Kalite Kontrol
92206;29.05.2023 17:02:00;36;192.168.1.164;0;Kalite Kontrol Form degeri kayit;5;;Kalite Kontrol
92207;29.05.2023 17:02:00;36;192.168.1.164;0;Kalite Kontrol Form degeri kayit;5;;Kalite Kontrol
92208;29.05.2023 17:02:00;36;192.168.1.164;0;Kalite Kontrol Form degeri kayit;5;;Kalite Kontrol
92209;29.05.2023 17:02:00;36;192.168.1.164;0;Kalite Kontrol Form degeri kayit;5;;Kalite Kontrol
92210;29.05.2023 17:02:00;36;192.168.1.164;0;Kalite Kontrol Form degeri kayit;5;;Kalite Kontrol
92211;29.05.2023 17:02:00;36;192.168.1.164;0;Kalite Kontrol Form degeri kayit;5;;Kalite Kontrol
92212;29.05.2023 17:02:00;36;192.168.1.164;0;Kalite Kontrol Form degeri kayit;5;;Kalite Kontrol
92213;29.05.2023 17:02:00;36;192.168.1.164;0;Kalite Kontrol Form degeri kayit;5;;Kalite Kontrol
92214;29.05.2023 17:02:00;36;192.168.1.164;0;Kalite Kontrol Form degeri kayit;5;;Kalite Kontrol
92215;29.05.2023 17:02:00;36;192.168.1.164;0;Kalite Kontrol Form degeri kayit;5;;Kalite Kontrol
92216;29.05.2023 17:02:00;36;192.168.1.164;0;Kalite Kontrol Form degeri kayit;5;;Kalite Kontrol
92217;29.05.2023 17:02:00;36;192.168.1.164;0;Kalite Kontrol Form degeri kayit;5;;Kalite Kontrol
92218;29.05.2023 17:03:00;36;192.168.1.164;0;Kalite Kontrol Form degeri kayit;5;;Kalite Kontrol
92219;29.05.2023 17:03:00;36;192.168.1.164;0;Kalite Kontrol Form degeri kayit;5;;Kalite Kontrol
92220;29.05.2023 17:03:00;36;192.168.1.164;0;Kalite Kontrol Form degeri kayit;5;;Kalite Kontrol
92221;29.05.2023 17:03:00;36;192.168.1.164;0;Kalite Kontrol Form degeri kayit;5;;Kalite Kontrol
92222;29.05.2023 17:03:00;36;192.168.1.164;0;Kalite Kontrol Form degeri kayit;5;;Kalite Kontrol
92223;29.05.2023 17:03:00;36;192.168.1.164;0;Kalite Kontrol Form degeri kayit;5;;Kalite Kontrol
92224;29.05.2023 17:03:00;36;192.168.1.164;0;Kalite Kontrol Form degeri kayit;5;;Kalite Kontrol
92225;29.05.2023 17:03:00;36;192.168.1.164;0;Kalite Kontrol Form degeri kayit;5;;Kalite Kontrol
92226;29.05.2023 17:03:00;36;192.168.1.164;0;Kalite Kontrol Form degeri kayit;5;;Kalite Kontrol
92227;29.05.2023 17:03:00;36;192.168.1.164;0;Kalite Kontrol Form degeri kayit;5;;Kalite Kontrol
92228;29.05.2023 17:03:00;36;192.168.1.164;0;Kalite Kontrol Form degeri kayit;5;;Kalite Kontrol
92229;29.05.2023 17:03:00;36;192.168.1.164;0;Kalite Kontrol Form degeri kayit;5;;Kalite Kontrol
92230;29.05.2023 17:03:00;36;192.168.1.164;0;Kalite Kontrol Form degeri kayit;5;;Kalite Kontrol
92231;29.05.2023 17:03:00;36;192.168.1.164;0;Kalite Kontrol Form degeri kayit;5;;Kalite Kontrol
92232;29.05.2023 17:03:00;36;192.168.1.164;0;Kalite Kontrol Form degeri kayit;5;;Kalite Kontrol
92233;29.05.2023 17:03:00;36;192.168.1.164;0;Kalite Kontrol Form degeri kayit;5;;Kalite Kontrol
92234;29.05.2023 17:03:00;36;192.168.1.164;0;Kalite Kontrol Form degeri kayit;5;;Kalite Kontrol
92235;29.05.2023 17:03:00;36;192.168.1.164;0;Kalite Kontrol Form degeri kayit;5;;Kalite Kontrol
92236;29.05.2023 17:03:00;36;192.168.1.164;0;Kalite Kontrol Form degeri kayit;5;;Kalite Kontrol
92237;29.05.2023 17:03:00;36;192.168.1.164;0;Kalite Kontrol Form degeri kayit;5;;Kalite Kontrol
92238;29.05.2023 17:03:00;36;192.168.1.164;0;Kalite Kontrol Form degeri kayit;5;;Kalite Kontrol
92239;29.05.2023 17:03:00;36;192.168.1.164;0;Kalite Kontrol Form degeri kayit;5;;Kalite Kontrol
92240;29.05.2023 17:03:00;36;192.168.1.164;0;Kalite Kontrol Form degeri kayit;5;;Kalite Kontrol
92241;29.05.2023 17:03:00;36;192.168.1.164;0;Kalite Kontrol Form degeri kayit;5;;Kalite Kontrol
92242;29.05.2023 17:03:00;36;192.168.1.164;0;Kalite Kontrol Form degeri kayit;5;;Kalite Kontrol
92243;29.05.2023 17:03:00;36;192.168.1.164;0;Kalite Kontrol Form degeri kayit;5;;Kalite Kontrol
92244;29.05.2023 17:03:00;36;192.168.1.164;0;Kalite Kontrol Form degeri kayit;5;;Kalite Kontrol
92245;29.05.2023 17:03:00;36;192.168.1.164;0;Kalite Kontrol Form degeri kayit;5;;Kalite Kontrol
92246;29.05.2023 17:03:00;36;192.168.1.164;0;Kalite Kontrol Form degeri kayit;5;;Kalite Kontrol
92247;29.05.2023 17:03:00;36;192.168.1.164;0;Kalite Kontrol Form degeri kayit;5;;Kalite Kontrol
92248;29.05.2023 17:03:00;36;192.168.1.164;0;Kalite Kontrol Form degeri kayit;5;;Kalite Kontrol
92249;29.05.2023 17:03:00;36;192.168.1.164;0;Kalite Kontrol Form degeri kayit;5;;Kalite Kontrol
92250;29.05.2023 17:03:00;36;192.168.1.164;0;Kalite Kontrol Form degeri kayit;5;;Kalite Kontrol
92251;29.05.2023 17:03:00;36;192.168.1.164;0;Kalite Kontrol Form degeri kayit;5;;Kalite Kontrol
92252;29.05.2023 17:03:00;36;192.168.1.164;0;Kalite Kontrol Form degeri kayit;5;;Kalite Kontrol
92253;29.05.2023 17:03:00;36;192.168.1.164;0;Kalite Kontrol Form degeri kayit;5;;Kalite Kontrol
92254;29.05.2023 17:03:00;36;192.168.1.164;0;Kalite Kontrol Form degeri kayit;5;;Kalite Kontrol
92255;29.05.2023 17:03:00;36;192.168.1.164;0;Kalite Kontrol Form degeri kayit;5;;Kalite Kontrol
92256;29.05.2023 17:03:00;36;192.168.1.164;0;Kalite Kontrol Form degeri kayit;5;;Kalite Kontrol
92257;29.05.2023 17:04:00;28;192.168.1.128;0;Stok Listesi Ekrani;5;;Stok
92258;29.05.2023 17:04:00;36;192.168.1.164;0;Kalite Kontrol Form degeri kayit;5;;Kalite Kontrol
92259;29.05.2023 17:04:00;36;192.168.1.164;0;Kalite Kontrol Form degeri kayit;5;;Kalite Kontrol
92260;29.05.2023 17:05:00;0;192.168.1.250;0;Sifre Giris Ekrani;5;;
92261;29.05.2023 17:07:00;36;192.168.1.164;0;Kalite Kontrol Formu olusturma;5;;Kalite Kontrol
92262;29.05.2023 17:09:00;36;192.168.1.164;0;Kalite Kontrol Formu olusturma;5;;Kalite Kontrol
92263;29.05.2023 17:09:00;36;192.168.1.164;0;Kalite kontrol formlari listendi;5;;Kalite Kontrol
92264;29.05.2023 17:21:00;28;192.168.1.128;0;Stok Listesi Ekrani;5;;Stok
92265;29.05.2023 17:21:00;28;192.168.1.128;20;Stok Düzenleme Ekrani Girisi;5;;Stok
92266;29.05.2023 17:22:00;28;192.168.1.128;20;Stok Düzenleme Ekrani Girisi;5;;Stok
92267;29.05.2023 17:23:00;28;192.168.1.128;0;Stok Listesi Ekrani;5;;Stok
92268;29.05.2023 17:23:00;28;192.168.1.128;0;Stok Listesi Ekrani;5;;Stok
92269;29.05.2023 17:23:00;28;192.168.1.128;0;Stok Miktari Güncelleme. ISLEM: miktarGir MIKTAR: 97800;5;;
92270;29.05.2023 17:23:00;28;192.168.1.128;20;Stok Düzenleme Ekrani Girisi;5;;Stok
92271;29.05.2023 17:23:00;28;192.168.1.128;0;Stok Listesi Ekrani;5;;Stok
92272;29.05.2023 17:24:00;28;192.168.1.128;0;Stok Listesi Ekrani;5;;Stok
92273;29.05.2023 17:24:00;28;192.168.1.128;20;Stok Depo Miktarlari Detay;5;;stok
92274;29.05.2023 17:27:00;28;192.168.1.128;0;Stok Listesi Ekrani;5;;Stok
92275;29.05.2023 17:27:00;28;192.168.1.128;0;Seçtiginiz kriterlerde kayit bulunamadi;5;;Stok
92276;29.05.2023 17:27:00;28;192.168.1.128;0;Stok Düzenleme Ekrani Girisi;5;;Stok
92277;29.05.2023 17:27:00;28;192.168.1.128;0;Stok Güncelleme: HM-00074;5;;Stok
92278;29.05.2023 17:27:00;28;192.168.1.128;0;Yeni ürün eklendi:HM-00074;5;;Stok
92279;29.05.2023 17:27:00;28;192.168.1.128;0;Stok Listesi Ekrani;5;;Stok
92280;29.05.2023 17:27:00;28;192.168.1.128;0;Stok Listesi Ekrani;5;;Stok
92281;29.05.2023 17:27:00;28;192.168.1.128;98;Stok Depo Miktarlari Detay;5;;stok
92282;29.05.2023 17:27:00;28;192.168.1.128;0;Stok Listesi Ekrani;5;;Stok
92283;29.05.2023 17:27:00;28;192.168.1.128;20;Stok Depo Miktarlari Detay;5;;stok
92284;29.05.2023 17:28:00;28;192.168.1.128;0;Stok Listesi Ekrani;5;;Stok
92285;29.05.2023 17:28:00;28;192.168.1.128;3052;Stok Düzenleme Ekrani Girisi;5;;Stok
92286;29.05.2023 17:28:00;28;192.168.1.128;0;Stok Miktari Güncelleme. ISLEM: miktarGir MIKTAR: 166;5;;
92287;29.05.2023 17:28:00;28;192.168.1.128;3052;Stok Düzenleme Ekrani Girisi;5;;Stok
92288;29.05.2023 17:28:00;28;192.168.1.128;0;Stok Listesi Ekrani;5;;Stok
92289;29.05.2023 17:28:00;28;192.168.1.128;0;Stok Listesi Ekrani;5;;Stok
92290;29.05.2023 17:31:00;28;192.168.1.128;1973;Stok Düzenleme Ekrani Girisi;5;;Stok
92291;29.05.2023 17:31:00;28;192.168.1.128;0;Stok Miktari Güncelleme. ISLEM: miktarGir MIKTAR: 1050;5;;
92292;29.05.2023 17:31:00;28;192.168.1.128;1973;Stok Düzenleme Ekrani Girisi;5;;Stok
92293;29.05.2023 17:31:00;28;192.168.1.128;0;Stok Listesi Ekrani;5;;Stok
92294;29.05.2023 17:31:00;28;192.168.1.128;0;Stok Listesi Ekrani;5;;Stok
92295;29.05.2023 17:35:00;28;192.168.1.128;1973;Stok Düzenleme Ekrani Girisi;5;;Stok
92296;29.05.2023 17:44:00;28;192.168.1.128;0;Stok Listesi Ekrani;5;;Stok
92297;29.05.2023 17:45:00;28;192.168.1.128;9;Stok Düzenleme Ekrani Girisi;5;;Stok
92298;29.05.2023 17:46:00;28;192.168.1.128;0;Stok Miktari Güncelleme. ISLEM: miktarGir MIKTAR: 6800;5;;
92299;29.05.2023 17:46:00;28;192.168.1.128;9;Stok Düzenleme Ekrani Girisi;5;;Stok
92300;29.05.2023 17:46:00;28;192.168.1.128;0;Stok Listesi Ekrani;5;;Stok
92301;29.05.2023 17:46:00;28;192.168.1.128;0;Mal Kabul Siparisleri Listelendi;5;;Satin Alma
92302;29.05.2023 17:56:00;28;192.168.1.128;0;Stok Listesi Ekrani;5;;Stok
92303;30.05.2023 08:01:00;29;192.168.1.195;0;Welcome Dashboard;5;;Dashboard
92304;30.05.2023 08:01:00;29;192.168.1.195;0;Welcome Dashboard;5;;Dashboard
92305;30.05.2023 08:01:00;29;192.168.1.195;0;Reçeteler Listelendi;5;;Reçete
92306;30.05.2023 08:02:00;29;192.168.1.195;0;Reçeteler Listelendi;5;;Reçete
92307;30.05.2023 08:02:00;29;192.168.1.195;0;Yeni Reçete Olusturma Ekrani Girisi;5;;Reçete
92308;30.05.2023 08:03:00;28;192.168.1.128;0;Mal Kabul Ekrani Giris;5;;Lojistik
92309;30.05.2023 08:03:00;29;192.168.1.195;0;Yeni Reçete Ekleme, Güncelleme, Kopyalama: PLAIN DRAPE 150*240 DUBLEX  9444MG;5;;Reçete
92310;30.05.2023 08:03:00;29;192.168.1.195;0;Yeni Reçete Ekleniyor: PLAIN DRAPE 150*240 DUBLEX  9444MG;5;;Reçete
92311;30.05.2023 08:03:00;29;192.168.1.195;0;Reçeteler Listelendi;5;;Reçete
92312;30.05.2023 08:04:00;29;192.168.1.195;4249;Reçete Adimlari Listelendi : PLAIN DRAPE 150*240 DUBLEX  9444MG;5;;Reçete
92313;30.05.2023 08:04:00;29;192.168.1.195;0;Yeni Reçete Adim Ekleme Ekrani Girisi;5;;Reçete
92314;30.05.2023 08:04:00;29;192.168.1.195;0;Yeni Reçete Adim Ekleme Ekrani Girisi;5;;Reçete
92315;30.05.2023 08:04:00;28;192.168.1.128;0;Stok Listesi Ekrani;5;;Stok
92316;30.05.2023 08:04:00;29;192.168.1.195;0;Yeni Reçete Adim Ekleme Ekrani Girisi;5;;Reçete
92317;30.05.2023 08:04:00;28;192.168.1.128;0;Stok Listesi Ekrani;5;;Stok
92318;30.05.2023 08:04:00;28;192.168.1.128;9;Stok Depo Miktarlari Detay;5;;stok
92319;30.05.2023 08:04:00;29;192.168.1.195;0;Yeni Reçete Ekleme veya Güncelleme: ;5;;Reçete
92320;30.05.2023 08:04:00;29;192.168.1.195;0;Yeni Reçete Adimi Ekleniyor;5;;Reçete
92321;30.05.2023 08:04:00;29;192.168.1.195;0;Reçete adimi sirasi degistirildi;5;;Reçete
92322;30.05.2023 08:04:00;29;192.168.1.195;4249;Reçete Adimlari Listelendi : PLAIN DRAPE 150*240 DUBLEX  9444MG;5;;Reçete
92323;30.05.2023 08:05:00;29;192.168.1.195;0;Yeni Reçete Adim Ekleme Ekrani Girisi;5;;Reçete
92324;30.05.2023 08:05:00;29;192.168.1.195;0;Yeni Reçete Adim Ekleme Ekrani Girisi;5;;Reçete
92325;30.05.2023 08:06:00;29;192.168.1.195;0;Yeni Reçete Ekleme veya Güncelleme: ;5;;Reçete
92326;30.05.2023 08:06:00;29;192.168.1.195;0;Yeni Reçete Adimi Ekleniyor;5;;Reçete
92327;30.05.2023 08:06:00;29;192.168.1.195;0;Reçete adimi sirasi degistirildi;5;;Reçete
92328;30.05.2023 08:06:00;29;192.168.1.195;4249;Reçete Adimlari Listelendi : PLAIN DRAPE 150*240 DUBLEX  9444MG;5;;Reçete
92329;30.05.2023 08:06:00;29;192.168.1.195;0;Yeni Reçete Adim Ekleme Ekrani Girisi;5;;Reçete
92330;30.05.2023 08:06:00;29;192.168.1.195;0;Yeni Reçete Adim Ekleme Ekrani Girisi;5;;Reçete
92331;30.05.2023 08:06:00;29;192.168.1.195;0;Yeni Reçete Ekleme veya Güncelleme: ;5;;Reçete
92332;30.05.2023 08:06:00;29;192.168.1.195;0;Yeni Reçete Adimi Ekleniyor;5;;Reçete
92333;30.05.2023 08:06:00;29;192.168.1.195;0;Reçete adimi sirasi degistirildi;5;;Reçete
92334;30.05.2023 08:06:00;29;192.168.1.195;4249;Reçete Adimlari Listelendi : PLAIN DRAPE 150*240 DUBLEX  9444MG;5;;Reçete
92335;30.05.2023 08:06:00;29;192.168.1.195;0;Yeni Reçete Adim Ekleme Ekrani Girisi;5;;Reçete
92336;30.05.2023 08:07:00;29;192.168.1.195;0;Yeni Reçete Adim Ekleme Ekrani Girisi;5;;Reçete
92337;30.05.2023 08:07:00;29;192.168.1.195;0;Yeni Reçete Ekleme veya Güncelleme: ;5;;Reçete
92338;30.05.2023 08:07:00;29;192.168.1.195;0;Yeni Reçete Adimi Ekleniyor;5;;Reçete
92339;30.05.2023 08:07:00;29;192.168.1.195;0;Reçete adimi sirasi degistirildi;5;;Reçete
92340;30.05.2023 08:07:00;29;192.168.1.195;4249;Reçete Adimlari Listelendi : PLAIN DRAPE 150*240 DUBLEX  9444MG;5;;Reçete
92341;30.05.2023 08:07:00;29;192.168.1.195;0;Yeni Reçete Adim Ekleme Ekrani Girisi;5;;Reçete
92342;30.05.2023 08:07:00;29;192.168.1.195;0;Yeni Reçete Adim Ekleme Ekrani Girisi;5;;Reçete
92343;30.05.2023 08:08:00;29;192.168.1.195;0;Yeni Reçete Ekleme veya Güncelleme: ;5;;Reçete
92344;30.05.2023 08:08:00;29;192.168.1.195;0;Yeni Reçete Adimi Ekleniyor;5;;Reçete
92345;30.05.2023 08:08:00;29;192.168.1.195;0;Reçete adimi sirasi degistirildi;5;;Reçete
92346;30.05.2023 08:08:00;29;192.168.1.195;4249;Reçete Adimlari Listelendi : PLAIN DRAPE 150*240 DUBLEX  9444MG;5;;Reçete
92347;30.05.2023 08:08:00;29;192.168.1.195;0;Yeni Reçete Adim Ekleme Ekrani Girisi;5;;Reçete
92348;30.05.2023 08:08:00;29;192.168.1.195;0;Yeni Reçete Adim Ekleme Ekrani Girisi;5;;Reçete
92349;30.05.2023 08:09:00;29;192.168.1.195;0;Yeni Reçete Ekleme veya Güncelleme: ;5;;Reçete
92350;30.05.2023 08:09:00;29;192.168.1.195;0;Yeni Reçete Adimi Ekleniyor;5;;Reçete
92351;30.05.2023 08:09:00;29;192.168.1.195;0;Reçete adimi sirasi degistirildi;5;;Reçete
92352;30.05.2023 08:09:00;29;192.168.1.195;4249;Reçete Adimlari Listelendi : PLAIN DRAPE 150*240 DUBLEX  9444MG;5;;Reçete
92353;30.05.2023 08:09:00;29;192.168.1.195;0;Yeni Reçete Adim Ekleme Ekrani Girisi;5;;Reçete
92354;30.05.2023 08:10:00;29;192.168.1.195;0;Yeni Reçete Adim Ekleme Ekrani Girisi;5;;Reçete
92355;30.05.2023 08:10:00;29;192.168.1.195;0;Yeni Reçete Ekleme veya Güncelleme: ;5;;Reçete
92356;30.05.2023 08:10:00;29;192.168.1.195;0;Yeni Reçete Adimi Ekleniyor;5;;Reçete
92357;30.05.2023 08:10:00;29;192.168.1.195;0;Reçete adimi sirasi degistirildi;5;;Reçete
92358;30.05.2023 08:10:00;29;192.168.1.195;4249;Reçete Adimlari Listelendi : PLAIN DRAPE 150*240 DUBLEX  9444MG;5;;Reçete
92359;30.05.2023 08:10:00;29;192.168.1.195;0;Yeni Reçete Adim Ekleme Ekrani Girisi;5;;Reçete
92360;30.05.2023 08:10:00;29;192.168.1.195;0;Yeni Reçete Adim Ekleme Ekrani Girisi;5;;Reçete
92361;30.05.2023 08:10:00;29;192.168.1.195;0;Yeni Reçete Adim Ekleme Ekrani Girisi;5;;Reçete
92362;30.05.2023 08:10:00;29;192.168.1.195;0;Yeni Reçete Ekleme veya Güncelleme: ;5;;Reçete
92363;30.05.2023 08:10:00;29;192.168.1.195;0;Yeni Reçete Adimi Ekleniyor;5;;Reçete
92364;30.05.2023 08:10:00;29;192.168.1.195;0;Reçete adimi sirasi degistirildi;5;;Reçete
92365;30.05.2023 08:10:00;29;192.168.1.195;4249;Reçete Adimlari Listelendi : PLAIN DRAPE 150*240 DUBLEX  9444MG;5;;Reçete
92366;30.05.2023 08:11:00;29;192.168.1.195;0;Yeni Reçete Adim Ekleme Ekrani Girisi;5;;Reçete
92367;30.05.2023 08:11:00;29;192.168.1.195;0;Yeni Reçete Adim Ekleme Ekrani Girisi;5;;Reçete
92368;30.05.2023 08:11:00;29;192.168.1.195;0;Yeni Reçete Adim Ekleme Ekrani Girisi;5;;Reçete
92369;30.05.2023 08:11:00;29;192.168.1.195;0;Yeni Reçete Ekleme veya Güncelleme: ;5;;Reçete
92370;30.05.2023 08:11:00;29;192.168.1.195;0;Yeni Reçete Adimi Ekleniyor;5;;Reçete
92371;30.05.2023 08:11:00;29;192.168.1.195;0;Reçete adimi sirasi degistirildi;5;;Reçete
92372;30.05.2023 08:11:00;29;192.168.1.195;4249;Reçete Adimlari Listelendi : PLAIN DRAPE 150*240 DUBLEX  9444MG;5;;Reçete
92373;30.05.2023 08:11:00;29;192.168.1.195;0;Reçete adimi sirasi degistirildi;5;;Reçete
92374;30.05.2023 08:11:00;29;192.168.1.195;4249;Reçete Adimlari Listelendi : PLAIN DRAPE 150*240 DUBLEX  9444MG;5;;Reçete
92375;30.05.2023 08:11:00;29;192.168.1.195;0;Reçete adimi sirasi degistirildi;5;;Reçete
92376;30.05.2023 08:11:00;29;192.168.1.195;4249;Reçete Adimlari Listelendi : PLAIN DRAPE 150*240 DUBLEX  9444MG;5;;Reçete
92377;30.05.2023 08:11:00;29;192.168.1.195;0;Reçete adimi sirasi degistirildi;5;;Reçete
92378;30.05.2023 08:11:00;29;192.168.1.195;4249;Reçete Adimlari Listelendi : PLAIN DRAPE 150*240 DUBLEX  9444MG;5;;Reçete
92379;30.05.2023 08:11:00;29;192.168.1.195;0;Reçete adimi sirasi degistirildi;5;;Reçete
92380;30.05.2023 08:11:00;29;192.168.1.195;4249;Reçete Adimlari Listelendi : PLAIN DRAPE 150*240 DUBLEX  9444MG;5;;Reçete
92381;30.05.2023 08:11:00;29;192.168.1.195;0;Reçete adimi sirasi degistirildi;5;;Reçete
92382;30.05.2023 08:11:00;29;192.168.1.195;4249;Reçete Adimlari Listelendi : PLAIN DRAPE 150*240 DUBLEX  9444MG;5;;Reçete
92383;30.05.2023 08:11:00;29;192.168.1.195;0;Reçete adimi sirasi degistirildi;5;;Reçete
92384;30.05.2023 08:11:00;29;192.168.1.195;4249;Reçete Adimlari Listelendi : PLAIN DRAPE 150*240 DUBLEX  9444MG;5;;Reçete
92385;30.05.2023 08:11:00;29;192.168.1.195;0;Reçete adimi sirasi degistirildi;5;;Reçete
92386;30.05.2023 08:11:00;29;192.168.1.195;4249;Reçete Adimlari Listelendi : PLAIN DRAPE 150*240 DUBLEX  9444MG;5;;Reçete
92387;30.05.2023 08:12:00;29;192.168.1.195;0;Reçeteler Listelendi;5;;Reçete
92388;30.05.2023 08:13:00;29;192.168.1.195;0;Yeni Reçete Olusturma Ekrani Girisi;5;;Reçete
92389;30.05.2023 08:14:00;29;192.168.1.195;0;Yeni Reçete Olusturma Ekrani Girisi;5;;Reçete
92390;30.05.2023 08:16:00;29;192.168.1.195;0;Yeni Reçete Ekleme, Güncelleme, Kopyalama: ANGIOGRAPHY PACK SAV-17MG;5;;Reçete
92391;30.05.2023 08:16:00;29;192.168.1.195;0;Yeni Reçete Ekleniyor: ANGIOGRAPHY PACK SAV-17MG;5;;Reçete
92392;30.05.2023 08:16:00;29;192.168.1.195;0;Reçeteler Listelendi;5;;Reçete
92393;30.05.2023 08:16:00;29;192.168.1.195;4250;Reçete Adimlari Listelendi : ANGIOGRAPHY PACK SAV-17MG;5;;Reçete
92394;30.05.2023 08:16:00;29;192.168.1.195;0;Yeni Reçete Adim Ekleme Ekrani Girisi;5;;Reçete
92395;30.05.2023 08:16:00;29;192.168.1.195;0;Yeni Reçete Adim Ekleme Ekrani Girisi;5;;Reçete
92396;30.05.2023 08:17:00;29;192.168.1.195;0;Yeni Reçete Adim Ekleme Ekrani Girisi;5;;Reçete
92397;30.05.2023 08:17:00;29;192.168.1.195;0;Yeni Reçete Ekleme veya Güncelleme: ;5;;Reçete
92398;30.05.2023 08:17:00;29;192.168.1.195;0;Yeni Reçete Adimi Ekleniyor;5;;Reçete
92399;30.05.2023 08:17:00;29;192.168.1.195;0;Reçete adimi sirasi degistirildi;5;;Reçete
92400;30.05.2023 08:17:00;29;192.168.1.195;4250;Reçete Adimlari Listelendi : ANGIOGRAPHY PACK SAV-17MG;5;;Reçete
92401;30.05.2023 08:17:00;29;192.168.1.195;0;Yeni Reçete Adim Ekleme Ekrani Girisi;5;;Reçete
92402;30.05.2023 08:18:00;29;192.168.1.195;0;Yeni Reçete Adim Ekleme Ekrani Girisi;5;;Reçete
92403;30.05.2023 08:23:00;29;192.168.1.195;0;Yeni Reçete Ekleme veya Güncelleme: ;5;;Reçete
92404;30.05.2023 08:23:00;29;192.168.1.195;0;Yeni Reçete Adimi Ekleniyor;5;;Reçete
92405;30.05.2023 08:23:00;29;192.168.1.195;0;Reçete adimi sirasi degistirildi;5;;Reçete
92406;30.05.2023 08:23:00;29;192.168.1.195;4250;Reçete Adimlari Listelendi : ANGIOGRAPHY PACK SAV-17MG;5;;Reçete
92407;30.05.2023 08:24:00;29;192.168.1.195;4247;Reçete Adimlari Listelendi : ANGIOGRAPHY PACK  SAV-08MG;5;;Reçete
92408;30.05.2023 08:25:00;28;192.168.1.128;0;Stok Listesi Ekrani;5;;Stok
92409;30.05.2023 08:27:00;29;192.168.1.195;4249;Reçete Adimlari Listelendi : PLAIN DRAPE 150*240 DUBLEX  9444MG;5;;Reçete
92410;30.05.2023 08:27:00;29;192.168.1.195;4249;Reçete Adimlari Listelendi : PLAIN DRAPE 150*240 DUBLEX  9444MG;5;;Reçete
92411;30.05.2023 08:27:00;29;192.168.1.195;0;Reçeteler Listelendi;5;;Reçete
92412;30.05.2023 08:27:00;29;192.168.1.195;4250;Reçete Adimlari Listelendi : ANGIOGRAPHY PACK SAV-17MG;5;;Reçete
92413;30.05.2023 08:27:00;29;192.168.1.195;0;Yeni Reçete Adim Ekleme Ekrani Girisi;5;;Reçete
92414;30.05.2023 08:28:00;29;192.168.1.195;0;Yeni Reçete Ekleme veya Güncelleme: ;5;;Reçete
92415;30.05.2023 08:28:00;29;192.168.1.195;0;Reçete Adimi Güncelleniyor;5;;Reçete
92416;30.05.2023 08:28:00;29;192.168.1.195;4250;Reçete Adimlari Listelendi : ANGIOGRAPHY PACK SAV-17MG;5;;Reçete
92417;30.05.2023 08:28:00;29;192.168.1.195;0;Yeni Reçete Adim Ekleme Ekrani Girisi;5;;Reçete
92418;30.05.2023 08:28:00;29;192.168.1.195;0;Yeni Reçete Adim Ekleme Ekrani Girisi;5;;Reçete
92419;30.05.2023 08:29:00;29;192.168.1.195;0;Yeni Reçete Ekleme veya Güncelleme: ;5;;Reçete
92420;30.05.2023 08:29:00;29;192.168.1.195;0;Yeni Reçete Adimi Ekleniyor;5;;Reçete
92421;30.05.2023 08:29:00;29;192.168.1.195;0;Reçete adimi sirasi degistirildi;5;;Reçete
92422;30.05.2023 08:29:00;29;192.168.1.195;4250;Reçete Adimlari Listelendi : ANGIOGRAPHY PACK SAV-17MG;5;;Reçete
92423;30.05.2023 08:29:00;29;192.168.1.195;0;Yeni Reçete Adim Ekleme Ekrani Girisi;5;;Reçete
92424;30.05.2023 08:29:00;29;192.168.1.195;0;Yeni Reçete Adim Ekleme Ekrani Girisi;5;;Reçete
92425;30.05.2023 08:30:00;29;192.168.1.195;0;Yeni Reçete Ekleme veya Güncelleme: ;5;;Reçete
92426;30.05.2023 08:30:00;29;192.168.1.195;0;Yeni Reçete Adimi Ekleniyor;5;;Reçete
92427;30.05.2023 08:30:00;29;192.168.1.195;0;Reçete adimi sirasi degistirildi;5;;Reçete
92428;30.05.2023 08:30:00;29;192.168.1.195;4250;Reçete Adimlari Listelendi : ANGIOGRAPHY PACK SAV-17MG;5;;Reçete
92429;30.05.2023 08:30:00;29;192.168.1.195;0;Yeni Reçete Adim Ekleme Ekrani Girisi;5;;Reçete
92430;30.05.2023 08:30:00;29;192.168.1.195;0;Yeni Reçete Adim Ekleme Ekrani Girisi;5;;Reçete
92431;30.05.2023 08:31:00;29;192.168.1.195;0;Yeni Reçete Ekleme veya Güncelleme: ;5;;Reçete
92432;30.05.2023 08:31:00;29;192.168.1.195;0;Yeni Reçete Adimi Ekleniyor;5;;Reçete
92433;30.05.2023 08:31:00;29;192.168.1.195;0;Reçete adimi sirasi degistirildi;5;;Reçete
92434;30.05.2023 08:31:00;29;192.168.1.195;4250;Reçete Adimlari Listelendi : ANGIOGRAPHY PACK SAV-17MG;5;;Reçete
92435;30.05.2023 08:34:00;29;192.168.1.195;0;Yeni Reçete Adim Ekleme Ekrani Girisi;5;;Reçete
92436;30.05.2023 08:34:00;29;192.168.1.195;0;Yeni Reçete Adim Ekleme Ekrani Girisi;5;;Reçete
92437;30.05.2023 08:34:00;29;192.168.1.195;0;Yeni Reçete Ekleme veya Güncelleme: ;5;;Reçete
92438;30.05.2023 08:34:00;29;192.168.1.195;0;Reçete Adimi Güncelleniyor;5;;Reçete
92439;30.05.2023 08:34:00;29;192.168.1.195;4250;Reçete Adimlari Listelendi : ANGIOGRAPHY PACK SAV-17MG;5;;Reçete
92440;30.05.2023 08:34:00;29;192.168.1.195;0;Yeni Reçete Adim Ekleme Ekrani Girisi;5;;Reçete
92441;30.05.2023 08:36:00;29;192.168.1.195;0;Yeni Reçete Adim Ekleme Ekrani Girisi;5;;Reçete
92442;30.05.2023 08:38:00;29;192.168.1.195;0;Yeni Reçete Ekleme veya Güncelleme: ;5;;Reçete
92443;30.05.2023 08:38:00;29;192.168.1.195;0;Yeni Reçete Adimi Ekleniyor;5;;Reçete
92444;30.05.2023 08:38:00;29;192.168.1.195;0;Reçete adimi sirasi degistirildi;5;;Reçete
92445;30.05.2023 08:38:00;29;192.168.1.195;4250;Reçete Adimlari Listelendi : ANGIOGRAPHY PACK SAV-17MG;5;;Reçete
92446;30.05.2023 08:38:00;29;192.168.1.195;0;Yeni Reçete Adim Ekleme Ekrani Girisi;5;;Reçete
92447;30.05.2023 08:38:00;29;192.168.1.195;0;Yeni Reçete Adim Ekleme Ekrani Girisi;5;;Reçete
92448;30.05.2023 08:39:00;28;192.168.1.128;0;Stok Listesi Ekrani;5;;Stok
92449;30.05.2023 08:39:00;28;192.168.1.128;274;Stok Depo Miktarlari Detay;5;;stok
92450;30.05.2023 08:39:00;29;192.168.1.195;0;Yeni Reçete Ekleme veya Güncelleme: ;5;;Reçete
92451;30.05.2023 08:39:00;29;192.168.1.195;0;Yeni Reçete Adimi Ekleniyor;5;;Reçete
92452;30.05.2023 08:39:00;29;192.168.1.195;0;Reçete adimi sirasi degistirildi;5;;Reçete
92453;30.05.2023 08:39:00;29;192.168.1.195;4250;Reçete Adimlari Listelendi : ANGIOGRAPHY PACK SAV-17MG;5;;Reçete
92454;30.05.2023 08:39:00;29;192.168.1.195;0;Yeni Reçete Adim Ekleme Ekrani Girisi;5;;Reçete
92455;30.05.2023 08:40:00;29;192.168.1.195;0;Yeni Reçete Adim Ekleme Ekrani Girisi;5;;Reçete
92456;30.05.2023 08:40:00;28;192.168.1.128;274;Stok Düzenleme Ekrani Girisi;5;;Stok
92457;30.05.2023 08:40:00;28;192.168.1.128;0;Stok Miktari Güncelleme. ISLEM: miktarCik MIKTAR: 100;5;;
92458;30.05.2023 08:40:00;28;192.168.1.128;274;Stok Düzenleme Ekrani Girisi;5;;Stok
92459;30.05.2023 08:40:00;28;192.168.1.128;0;Stok Listesi Ekrani;5;;Stok
92460;30.05.2023 08:41:00;29;192.168.1.195;0;Yeni Reçete Ekleme veya Güncelleme: ;5;;Reçete
92461;30.05.2023 08:41:00;29;192.168.1.195;0;Yeni Reçete Adimi Ekleniyor;5;;Reçete
92462;30.05.2023 08:41:00;29;192.168.1.195;0;Reçete adimi sirasi degistirildi;5;;Reçete
92463;30.05.2023 08:41:00;29;192.168.1.195;4250;Reçete Adimlari Listelendi : ANGIOGRAPHY PACK SAV-17MG;5;;Reçete
92464;30.05.2023 08:41:00;29;192.168.1.195;0;Yeni Reçete Adim Ekleme Ekrani Girisi;5;;Reçete
92465;30.05.2023 08:41:00;29;192.168.1.195;0;Yeni Reçete Adim Ekleme Ekrani Girisi;5;;Reçete
92466;30.05.2023 08:41:00;28;192.168.1.128;0;Stok Listesi Ekrani;5;;Stok
92467;30.05.2023 08:41:00;29;192.168.1.195;0;Yeni Reçete Ekleme veya Güncelleme: ;5;;Reçete
92468;30.05.2023 08:41:00;29;192.168.1.195;0;Yeni Reçete Adimi Ekleniyor;5;;Reçete
92469;30.05.2023 08:41:00;29;192.168.1.195;0;Reçete adimi sirasi degistirildi;5;;Reçete
92470;30.05.2023 08:41:00;29;192.168.1.195;4250;Reçete Adimlari Listelendi : ANGIOGRAPHY PACK SAV-17MG;5;;Reçete
92471;30.05.2023 08:41:00;29;192.168.1.195;0;Yeni Reçete Adim Ekleme Ekrani Girisi;5;;Reçete
92472;30.05.2023 08:41:00;29;192.168.1.195;0;Yeni Reçete Adim Ekleme Ekrani Girisi;5;;Reçete
92473;30.05.2023 08:42:00;29;192.168.1.195;0;Yeni Reçete Ekleme veya Güncelleme: ;5;;Reçete
92474;30.05.2023 08:42:00;29;192.168.1.195;0;Yeni Reçete Adimi Ekleniyor;5;;Reçete
92475;30.05.2023 08:42:00;29;192.168.1.195;0;Reçete adimi sirasi degistirildi;5;;Reçete
92476;30.05.2023 08:42:00;29;192.168.1.195;4250;Reçete Adimlari Listelendi : ANGIOGRAPHY PACK SAV-17MG;5;;Reçete
92477;30.05.2023 08:42:00;29;192.168.1.195;0;Yeni Reçete Adim Ekleme Ekrani Girisi;5;;Reçete
92478;30.05.2023 08:42:00;29;192.168.1.195;0;Yeni Reçete Adim Ekleme Ekrani Girisi;5;;Reçete
92479;30.05.2023 08:43:00;29;192.168.1.195;0;Yeni Reçete Ekleme veya Güncelleme: ;5;;Reçete
92480;30.05.2023 08:43:00;29;192.168.1.195;0;Yeni Reçete Adimi Ekleniyor;5;;Reçete
92481;30.05.2023 08:43:00;29;192.168.1.195;0;Reçete adimi sirasi degistirildi;5;;Reçete
92482;30.05.2023 08:43:00;29;192.168.1.195;4250;Reçete Adimlari Listelendi : ANGIOGRAPHY PACK SAV-17MG;5;;Reçete
92483;30.05.2023 08:43:00;29;192.168.1.195;0;Yeni Reçete Adim Ekleme Ekrani Girisi;5;;Reçete
92484;30.05.2023 08:43:00;29;192.168.1.195;0;Yeni Reçete Adim Ekleme Ekrani Girisi;5;;Reçete
92485;30.05.2023 08:44:00;29;192.168.1.195;0;Yeni Reçete Ekleme veya Güncelleme: ;5;;Reçete
92486;30.05.2023 08:44:00;29;192.168.1.195;0;Yeni Reçete Adimi Ekleniyor;5;;Reçete
92487;30.05.2023 08:44:00;29;192.168.1.195;0;Reçete adimi sirasi degistirildi;5;;Reçete
92488;30.05.2023 08:44:00;29;192.168.1.195;4250;Reçete Adimlari Listelendi : ANGIOGRAPHY PACK SAV-17MG;5;;Reçete
92489;30.05.2023 08:44:00;29;192.168.1.195;0;Yeni Reçete Adim Ekleme Ekrani Girisi;5;;Reçete
92490;30.05.2023 08:44:00;29;192.168.1.195;0;Yeni Reçete Adim Ekleme Ekrani Girisi;5;;Reçete
92491;30.05.2023 08:44:00;29;192.168.1.195;0;Yeni Reçete Adim Ekleme Ekrani Girisi;5;;Reçete
92492;30.05.2023 08:45:00;29;192.168.1.195;0;Yeni Reçete Ekleme veya Güncelleme: ;5;;Reçete
92493;30.05.2023 08:45:00;29;192.168.1.195;0;Yeni Reçete Adimi Ekleniyor;5;;Reçete
92494;30.05.2023 08:45:00;29;192.168.1.195;0;Reçete adimi sirasi degistirildi;5;;Reçete
92495;30.05.2023 08:45:00;29;192.168.1.195;4250;Reçete Adimlari Listelendi : ANGIOGRAPHY PACK SAV-17MG;5;;Reçete
92496;30.05.2023 08:45:00;29;192.168.1.195;0;Yeni Reçete Adim Ekleme Ekrani Girisi;5;;Reçete
92497;30.05.2023 08:45:00;29;192.168.1.195;0;Yeni Reçete Adim Ekleme Ekrani Girisi;5;;Reçete
92498;30.05.2023 08:45:00;28;192.168.1.128;274;Stok Depo Miktarlari Detay;5;;stok
92499;30.05.2023 08:46:00;28;192.168.1.128;274;Stok Düzenleme Ekrani Girisi;5;;Stok
92500;30.05.2023 08:46:00;28;192.168.1.128;0;Stok Miktari Güncelleme. ISLEM: miktarGir MIKTAR: 103840;5;;
92501;30.05.2023 08:46:00;28;192.168.1.128;274;Stok Düzenleme Ekrani Girisi;5;;Stok
92502;30.05.2023 08:46:00;28;192.168.1.128;0;Stok Listesi Ekrani;5;;Stok
92503;30.05.2023 08:47:00;28;192.168.1.128;0;Stok Listesi Ekrani;5;;Stok
92504;30.05.2023 08:47:00;29;192.168.1.195;0;Yeni Reçete Adim Ekleme Ekrani Girisi;5;;Reçete
92505;30.05.2023 08:47:00;28;192.168.1.128;303;Stok Düzenleme Ekrani Girisi;5;;Stok
92506;30.05.2023 08:48:00;28;192.168.1.128;0;Stok Miktari Güncelleme. ISLEM: miktarGir MIKTAR: 31080;5;;
92507;30.05.2023 08:48:00;28;192.168.1.128;303;Stok Düzenleme Ekrani Girisi;5;;Stok
92508;30.05.2023 08:48:00;28;192.168.1.128;0;Stok Listesi Ekrani;5;;Stok
92509;30.05.2023 08:48:00;29;192.168.1.195;0;Yeni Reçete Ekleme veya Güncelleme: ;5;;Reçete
92510;30.05.2023 08:48:00;29;192.168.1.195;0;Yeni Reçete Adimi Ekleniyor;5;;Reçete
92511;30.05.2023 08:48:00;29;192.168.1.195;0;Reçete adimi sirasi degistirildi;5;;Reçete
92512;30.05.2023 08:48:00;29;192.168.1.195;4250;Reçete Adimlari Listelendi : ANGIOGRAPHY PACK SAV-17MG;5;;Reçete
92513;30.05.2023 08:48:00;29;192.168.1.195;0;Yeni Reçete Adim Ekleme Ekrani Girisi;5;;Reçete
92514;30.05.2023 08:48:00;29;192.168.1.195;0;Yeni Reçete Adim Ekleme Ekrani Girisi;5;;Reçete
92515;30.05.2023 08:48:00;29;192.168.1.195;0;Yeni Reçete Adim Ekleme Ekrani Girisi;5;;Reçete
92516;30.05.2023 08:50:00;29;192.168.1.195;0;Yeni Reçete Adim Ekleme Ekrani Girisi;5;;Reçete
92517;30.05.2023 08:50:00;29;192.168.1.195;0;Yeni Reçete Adim Ekleme Ekrani Girisi;5;;Reçete
92518;30.05.2023 08:51:00;29;192.168.1.195;0;Yeni Reçete Ekleme veya Güncelleme: ;5;;Reçete
92519;30.05.2023 08:51:00;29;192.168.1.195;0;Yeni Reçete Adimi Ekleniyor;5;;Reçete
92520;30.05.2023 08:51:00;29;192.168.1.195;0;Reçete adimi sirasi degistirildi;5;;Reçete
92521;30.05.2023 08:51:00;29;192.168.1.195;4250;Reçete Adimlari Listelendi : ANGIOGRAPHY PACK SAV-17MG;5;;Reçete
92522;30.05.2023 08:51:00;29;192.168.1.195;0;Yeni Reçete Adim Ekleme Ekrani Girisi;5;;Reçete
92523;30.05.2023 08:51:00;29;192.168.1.195;0;Yeni Reçete Adim Ekleme Ekrani Girisi;5;;Reçete
92524;30.05.2023 08:51:00;28;192.168.1.128;0;Stok Listesi Ekrani;5;;Stok
92525;30.05.2023 08:51:00;29;192.168.1.195;0;Yeni Reçete Adim Ekleme Ekrani Girisi;5;;Reçete
92526;30.05.2023 08:51:00;28;192.168.1.128;83;Stok Düzenleme Ekrani Girisi;5;;Stok
92527;30.05.2023 08:52:00;28;192.168.1.128;0;Stok Miktari Güncelleme. ISLEM: miktarGir MIKTAR: 1760;5;;
92528;30.05.2023 08:52:00;28;192.168.1.128;83;Stok Düzenleme Ekrani Girisi;5;;Stok
92529;30.05.2023 08:52:00;28;192.168.1.128;0;Stok Listesi Ekrani;5;;Stok
92530;30.05.2023 08:52:00;28;192.168.1.128;0;Stok Listesi Ekrani;5;;Stok
92531;30.05.2023 08:52:00;28;192.168.1.128;315;Stok Düzenleme Ekrani Girisi;5;;Stok
92532;30.05.2023 08:53:00;28;192.168.1.128;0;Stok Miktari Güncelleme. ISLEM: miktarGir MIKTAR: 1270;5;;
92533;30.05.2023 08:53:00;28;192.168.1.128;315;Stok Düzenleme Ekrani Girisi;5;;Stok
92534;30.05.2023 08:53:00;28;192.168.1.128;0;Stok Listesi Ekrani;5;;Stok
92535;30.05.2023 08:53:00;28;192.168.1.128;0;Stok Listesi Ekrani;5;;Stok
92536;30.05.2023 08:53:00;36;192.168.1.164;0;Welcome Dashboard;5;;Dashboard
92537;30.05.2023 08:53:00;36;192.168.1.164;0;Kalite Kontrol Bekleyen Ürünler Ekrani;5;;Kalite Kontrol
92538;30.05.2023 08:53:00;36;192.168.1.164;0;Kalite kontrol formlari listendi;5;;Kalite Kontrol
92539;30.05.2023 08:54:00;28;192.168.1.128;84;Stok Düzenleme Ekrani Girisi;5;;Stok
92540;30.05.2023 08:57:00;28;192.168.1.128;0;Stok Miktari Güncelleme. ISLEM: miktarGir MIKTAR: 87600;5;;
92541;30.05.2023 08:57:00;28;192.168.1.128;84;Stok Düzenleme Ekrani Girisi;5;;Stok
92542;30.05.2023 08:57:00;28;192.168.1.128;0;Stok Listesi Ekrani;5;;Stok
92543;30.05.2023 08:58:00;28;192.168.1.128;0;Stok Listesi Ekrani;5;;Stok
92544;30.05.2023 08:59:00;28;192.168.1.128;3033;Stok Depo Miktarlari Detay;5;;stok
92545;30.05.2023 08:59:00;28;192.168.1.128;3033;Stok Düzenleme Ekrani Girisi;5;;Stok
92546;30.05.2023 08:59:00;28;192.168.1.128;82;Stok Düzenleme Ekrani Girisi;5;;Stok
92547;30.05.2023 08:59:00;28;192.168.1.128;82;Stok Güncelleme: HM-00179;5;;Stok
92548;30.05.2023 08:59:00;28;192.168.1.128;82;Ürün bilgileri güncellendi:HM-00179;5;;Stok
92549;30.05.2023 08:59:00;28;192.168.1.128;0;Stok Listesi Ekrani;5;;Stok
92550;30.05.2023 08:59:00;28;192.168.1.128;0;Stok Listesi Ekrani;5;;Stok
92551;30.05.2023 08:59:00;28;192.168.1.128;83;Stok Düzenleme Ekrani Girisi;5;;Stok
92552;30.05.2023 08:59:00;28;192.168.1.128;83;Stok Güncelleme: HM-00181;5;;Stok
92553;30.05.2023 08:59:00;28;192.168.1.128;83;Ürün bilgileri güncellendi:HM-00181;5;;Stok
92554;30.05.2023 08:59:00;28;192.168.1.128;0;Stok Listesi Ekrani;5;;Stok
92555;30.05.2023 08:59:00;28;192.168.1.128;0;Stok Listesi Ekrani;5;;Stok
92556;30.05.2023 08:59:00;28;192.168.1.128;84;Stok Düzenleme Ekrani Girisi;5;;Stok
92557;30.05.2023 08:59:00;28;192.168.1.128;84;Stok Güncelleme: HM-00182;5;;Stok
92558;30.05.2023 08:59:00;28;192.168.1.128;84;Ürün bilgileri güncellendi:HM-00182;5;;Stok
92559;30.05.2023 08:59:00;28;192.168.1.128;0;Stok Listesi Ekrani;5;;Stok
92560;30.05.2023 09:00:00;28;192.168.1.128;0;Stok Listesi Ekrani;5;;Stok
92561;30.05.2023 09:00:00;28;192.168.1.128;86;Stok Düzenleme Ekrani Girisi;5;;Stok
92562;30.05.2023 09:00:00;28;192.168.1.128;86;Stok Güncelleme: HM-00190;5;;Stok
92563;30.05.2023 09:00:00;28;192.168.1.128;86;Ürün bilgileri güncellendi:HM-00190;5;;Stok
92564;30.05.2023 09:00:00;28;192.168.1.128;0;Stok Listesi Ekrani;5;;Stok
92565;30.05.2023 09:00:00;28;192.168.1.128;0;Stok Listesi Ekrani;5;;Stok
92566;30.05.2023 09:00:00;28;192.168.1.128;88;Stok Düzenleme Ekrani Girisi;5;;Stok
92567;30.05.2023 09:00:00;28;192.168.1.128;88;Stok Güncelleme: HM-00199;5;;Stok
92568;30.05.2023 09:00:00;28;192.168.1.128;88;Ürün bilgileri güncellendi:HM-00199;5;;Stok
92569;30.05.2023 09:00:00;28;192.168.1.128;0;Stok Listesi Ekrani;5;;Stok
92570;30.05.2023 09:00:00;28;192.168.1.128;0;Stok Listesi Ekrani;5;;Stok
92571;30.05.2023 09:01:00;28;192.168.1.128;3033;Stok Düzenleme Ekrani Girisi;5;;Stok
92572;30.05.2023 09:01:00;28;192.168.1.128;82;Stok Düzenleme Ekrani Girisi;5;;Stok
92573;30.05.2023 09:01:00;28;192.168.1.128;83;Stok Düzenleme Ekrani Girisi;5;;Stok
92574;30.05.2023 09:01:00;28;192.168.1.128;84;Stok Düzenleme Ekrani Girisi;5;;Stok
92575;30.05.2023 09:01:00;28;192.168.1.128;86;Stok Düzenleme Ekrani Girisi;5;;Stok
92576;30.05.2023 09:01:00;28;192.168.1.128;88;Stok Düzenleme Ekrani Girisi;5;;Stok
92577;30.05.2023 09:01:00;28;192.168.1.128;274;Stok Düzenleme Ekrani Girisi;5;;Stok
92578;30.05.2023 09:01:00;28;192.168.1.128;274;Stok Güncelleme: HM-00446;5;;Stok
92579;30.05.2023 09:01:00;28;192.168.1.128;274;Ürün bilgileri güncellendi:HM-00446;5;;Stok
92580;30.05.2023 09:01:00;28;192.168.1.128;0;Stok Listesi Ekrani;5;;Stok
92581;30.05.2023 09:01:00;28;192.168.1.128;0;Stok Listesi Ekrani;5;;Stok
92582;30.05.2023 09:01:00;28;192.168.1.128;274;Stok Düzenleme Ekrani Girisi;5;;Stok
92583;30.05.2023 09:01:00;28;192.168.1.128;302;Stok Düzenleme Ekrani Girisi;5;;Stok
92584;30.05.2023 09:01:00;28;192.168.1.128;302;Stok Güncelleme: HM-00474;5;;Stok
92585;30.05.2023 09:01:00;28;192.168.1.128;302;Ürün bilgileri güncellendi:HM-00474;5;;Stok
92586;30.05.2023 09:01:00;28;192.168.1.128;0;Stok Listesi Ekrani;5;;Stok
92587;30.05.2023 09:01:00;28;192.168.1.128;0;Stok Listesi Ekrani;5;;Stok
92588;30.05.2023 09:01:00;28;192.168.1.128;302;Stok Düzenleme Ekrani Girisi;5;;Stok
92589;30.05.2023 09:01:00;28;192.168.1.128;303;Stok Düzenleme Ekrani Girisi;5;;Stok
92590;30.05.2023 09:01:00;28;192.168.1.128;303;Stok Güncelleme: HM-00475;5;;Stok
92591;30.05.2023 09:01:00;28;192.168.1.128;303;Ürün bilgileri güncellendi:HM-00475;5;;Stok
92592;30.05.2023 09:01:00;28;192.168.1.128;0;Stok Listesi Ekrani;5;;Stok
92593;30.05.2023 09:02:00;28;192.168.1.128;0;Stok Listesi Ekrani;5;;Stok
92594;30.05.2023 09:02:00;28;192.168.1.128;302;Stok Düzenleme Ekrani Girisi;5;;Stok
92595;30.05.2023 09:02:00;28;192.168.1.128;303;Stok Düzenleme Ekrani Girisi;5;;Stok
92596;30.05.2023 09:02:00;28;192.168.1.128;315;Stok Düzenleme Ekrani Girisi;5;;Stok
92597;30.05.2023 09:02:00;28;192.168.1.128;315;Stok Güncelleme: HM-00487;5;;Stok
92598;30.05.2023 09:02:00;28;192.168.1.128;315;Ürün bilgileri güncellendi:HM-00487;5;;Stok
92599;30.05.2023 09:02:00;28;192.168.1.128;0;Stok Listesi Ekrani;5;;Stok
92600;30.05.2023 09:02:00;28;192.168.1.128;0;Stok Listesi Ekrani;5;;Stok
92601;30.05.2023 09:02:00;28;192.168.1.128;84;Stok Depo Miktarlari Detay;5;;stok
92602;30.05.2023 09:04:00;28;192.168.1.128;0;Mal Kabul Ekrani Giris;5;;Lojistik
92603;30.05.2023 09:04:00;28;192.168.1.128;0;Mal Kabul Siparisleri Listelendi;5;;Satin Alma
92604;30.05.2023 09:06:00;35;192.168.1.165;0;Welcome Dashboard;5;;Dashboard
92605;30.05.2023 09:06:00;35;192.168.1.165;0;Welcome Dashboard;5;;Dashboard
92606;30.05.2023 09:06:00;35;192.168.1.165;0;Mal Kabul Siparisleri Listelendi;5;;Satin Alma
92607;30.05.2023 09:11:00;28;192.168.1.128;83;Stok Düzenleme Ekrani Girisi;5;;Stok
92608;30.05.2023 09:14:00;5;192.168.1.137;0;Welcome Dashboard;5;;Dashboard
92609;30.05.2023 09:14:00;5;192.168.1.137;0;Mail Bilgileri Tanimlanmamis;5;;
92610;30.05.2023 09:14:00;5;192.168.1.137;0;Stok Listesi Ekrani;5;;Stok
92611;30.05.2023 09:14:00;5;192.168.1.137;0;Stok Listesi Ekrani;5;;Stok
92612;30.05.2023 09:15:00;5;192.168.1.137;0;Stok Listesi Ekrani;5;;Stok
92613;30.05.2023 09:15:00;5;192.168.1.137;3044;Stok Düzenleme Ekrani Girisi;5;;Stok
92614;30.05.2023 09:15:00;28;192.168.1.128;737;Stok Depo Miktarlari Detay;5;;stok
92615;30.05.2023 09:15:00;5;192.168.1.137;0;Stok Listesi Ekrani;5;;Stok
92616;30.05.2023 09:16:00;28;192.168.1.128;88;Stok Düzenleme Ekrani Girisi;5;;Stok
92617;30.05.2023 09:17:00;28;192.168.1.128;0;Stok Listesi Ekrani;5;;Stok
92618;30.05.2023 09:17:00;28;192.168.1.128;63;Stok Depo Miktarlari Detay;5;;stok
92619;30.05.2023 09:17:00;28;192.168.1.128;63;Stok Depo Miktarlari Detay;5;;stok
92620;30.05.2023 09:18:00;5;192.168.1.137;0;Stok Listesi Ekrani;5;;Stok
92621;30.05.2023 09:19:00;5;192.168.1.137;63;Stok Depo Miktarlari Detay;5;;stok
92622;30.05.2023 09:20:00;29;192.168.1.195;0;Welcome Dashboard;5;;Dashboard
92623;30.05.2023 09:20:00;29;192.168.1.195;0;Welcome Dashboard;5;;Dashboard
92624;30.05.2023 09:20:00;29;192.168.1.195;0;Reçeteler Listelendi;5;;Reçete
92625;30.05.2023 09:20:00;29;192.168.1.195;4250;Reçete Adimlari Listelendi : ANGIOGRAPHY PACK SAV-17MG;5;;Reçete
92626;30.05.2023 09:20:00;29;192.168.1.195;0;Yeni Reçete Adim Ekleme Ekrani Girisi;5;;Reçete
92627;30.05.2023 09:20:00;29;192.168.1.195;0;Yeni Reçete Adim Ekleme Ekrani Girisi;5;;Reçete
92628;30.05.2023 09:21:00;29;192.168.1.195;0;Yeni Reçete Adim Ekleme Ekrani Girisi;5;;Reçete
92629;30.05.2023 09:21:00;5;192.168.1.137;0;Planlama ajanda sayfasi girisi;5;;Planlama
92630;30.05.2023 09:23:00;29;192.168.1.195;0;Yeni Reçete Ekleme veya Güncelleme: ;5;;Reçete
92631;30.05.2023 09:23:00;29;192.168.1.195;0;Yeni Reçete Adimi Ekleniyor;5;;Reçete
92632;30.05.2023 09:23:00;29;192.168.1.195;0;Reçete adimi sirasi degistirildi;5;;Reçete
92633;30.05.2023 09:23:00;29;192.168.1.195;4250;Reçete Adimlari Listelendi : ANGIOGRAPHY PACK SAV-17MG;5;;Reçete
92634;30.05.2023 09:23:00;29;192.168.1.195;0;Yeni Reçete Adim Ekleme Ekrani Girisi;5;;Reçete
92635;30.05.2023 09:23:00;29;192.168.1.195;0;Yeni Reçete Adim Ekleme Ekrani Girisi;5;;Reçete
92636;30.05.2023 09:24:00;28;192.168.1.128;63;Stok Düzenleme Ekrani Girisi;5;;Stok
92637;30.05.2023 09:24:00;29;192.168.1.195;0;Yeni Reçete Adim Ekleme Ekrani Girisi;5;;Reçete
92638;30.05.2023 09:25:00;29;192.168.1.195;0;Yeni Reçete Ekleme veya Güncelleme: ;5;;Reçete
92639;30.05.2023 09:25:00;29;192.168.1.195;0;Yeni Reçete Adimi Ekleniyor;5;;Reçete
92640;30.05.2023 09:25:00;29;192.168.1.195;0;Reçete adimi sirasi degistirildi;5;;Reçete
92641;30.05.2023 09:25:00;29;192.168.1.195;4250;Reçete Adimlari Listelendi : ANGIOGRAPHY PACK SAV-17MG;5;;Reçete
92642;30.05.2023 09:25:00;29;192.168.1.195;0;Yeni Reçete Adim Ekleme Ekrani Girisi;5;;Reçete
92643;30.05.2023 09:25:00;29;192.168.1.195;0;Yeni Reçete Adim Ekleme Ekrani Girisi;5;;Reçete
92644;30.05.2023 09:26:00;29;192.168.1.195;0;Yeni Reçete Adim Ekleme Ekrani Girisi;5;;Reçete
92645;30.05.2023 09:26:00;29;192.168.1.195;0;Yeni Reçete Ekleme veya Güncelleme: ;5;;Reçete
92646;30.05.2023 09:26:00;29;192.168.1.195;0;Yeni Reçete Adimi Ekleniyor;5;;Reçete
92647;30.05.2023 09:26:00;29;192.168.1.195;0;Reçete adimi sirasi degistirildi;5;;Reçete
92648;30.05.2023 09:26:00;29;192.168.1.195;4250;Reçete Adimlari Listelendi : ANGIOGRAPHY PACK SAV-17MG;5;;Reçete
92649;30.05.2023 09:26:00;29;192.168.1.195;0;Yeni Reçete Adim Ekleme Ekrani Girisi;5;;Reçete
92650;30.05.2023 09:27:00;29;192.168.1.195;0;Yeni Reçete Adim Ekleme Ekrani Girisi;5;;Reçete
92651;30.05.2023 09:27:00;29;192.168.1.195;0;Yeni Reçete Adim Ekleme Ekrani Girisi;5;;Reçete
92652;30.05.2023 09:27:00;29;192.168.1.195;0;Yeni Reçete Ekleme veya Güncelleme: ;5;;Reçete
92653;30.05.2023 09:27:00;29;192.168.1.195;0;Yeni Reçete Adimi Ekleniyor;5;;Reçete
92654;30.05.2023 09:27:00;29;192.168.1.195;0;Reçete adimi sirasi degistirildi;5;;Reçete
92655;30.05.2023 09:27:00;29;192.168.1.195;4250;Reçete Adimlari Listelendi : ANGIOGRAPHY PACK SAV-17MG;5;;Reçete
92656;30.05.2023 09:27:00;29;192.168.1.195;0;Yeni Reçete Adim Ekleme Ekrani Girisi;5;;Reçete
92657;30.05.2023 09:27:00;29;192.168.1.195;0;Yeni Reçete Adim Ekleme Ekrani Girisi;5;;Reçete
92658;30.05.2023 09:27:00;29;192.168.1.195;0;Yeni Reçete Adim Ekleme Ekrani Girisi;5;;Reçete
92659;30.05.2023 09:28:00;29;192.168.1.195;0;Yeni Reçete Ekleme veya Güncelleme: ;5;;Reçete
92660;30.05.2023 09:28:00;29;192.168.1.195;0;Yeni Reçete Adimi Ekleniyor;5;;Reçete
92661;30.05.2023 09:28:00;29;192.168.1.195;0;Reçete adimi sirasi degistirildi;5;;Reçete
92662;30.05.2023 09:28:00;29;192.168.1.195;4250;Reçete Adimlari Listelendi : ANGIOGRAPHY PACK SAV-17MG;5;;Reçete
92663;30.05.2023 09:28:00;29;192.168.1.195;0;Yeni Reçete Adim Ekleme Ekrani Girisi;5;;Reçete
92664;30.05.2023 09:28:00;29;192.168.1.195;0;Yeni Reçete Adim Ekleme Ekrani Girisi;5;;Reçete
92665;30.05.2023 09:28:00;29;192.168.1.195;0;Yeni Reçete Adim Ekleme Ekrani Girisi;5;;Reçete
92666;30.05.2023 09:30:00;29;192.168.1.195;0;Yeni Reçete Ekleme veya Güncelleme: ;5;;Reçete
92667;30.05.2023 09:30:00;29;192.168.1.195;0;Yeni Reçete Adimi Ekleniyor;5;;Reçete
92668;30.05.2023 09:30:00;29;192.168.1.195;0;Reçete adimi sirasi degistirildi;5;;Reçete
92669;30.05.2023 09:30:00;29;192.168.1.195;4250;Reçete Adimlari Listelendi : ANGIOGRAPHY PACK SAV-17MG;5;;Reçete
92670;30.05.2023 09:30:00;29;192.168.1.195;0;Yeni Reçete Adim Ekleme Ekrani Girisi;5;;Reçete
92671;30.05.2023 09:42:00;27;192.168.1.138;0;Welcome Dashboard;5;;Dashboard
92672;30.05.2023 09:42:00;27;192.168.1.138;0;Mal Kabul Siparisleri Listelendi;5;;Satin Alma
92673;30.05.2023 09:42:00;27;192.168.1.138;0;Satinalma Temp Siparis Olusturma Ekrani;5;;Satin Alma
92674;30.05.2023 09:43:00;27;192.168.1.138;0;2606 carisine satin alma siparisi için 778 kodlu ürün eklendi;5;;Satin Alma
92675;30.05.2023 09:43:00;27;192.168.1.138;0;Satinalma siparis ana tablo aktarimi;5;;Satin Alma
92676;30.05.2023 09:43:00;27;192.168.1.138;0;Mal Kabul Siparisleri Listelendi;5;;Satin Alma
92677;30.05.2023 09:49:00;29;192.168.1.195;0;Yeni Reçete Adim Ekleme Ekrani Girisi;5;;Reçete
92678;30.05.2023 09:50:00;29;192.168.1.195;0;Yeni Reçete Adim Ekleme Ekrani Girisi;5;;Reçete
92679;30.05.2023 09:50:00;29;192.168.1.195;0;Yeni Reçete Ekleme veya Güncelleme: ;5;;Reçete
92680;30.05.2023 09:50:00;29;192.168.1.195;0;Yeni Reçete Adimi Ekleniyor;5;;Reçete
92681;30.05.2023 09:50:00;29;192.168.1.195;0;Reçete adimi sirasi degistirildi;5;;Reçete
92682;30.05.2023 09:50:00;29;192.168.1.195;4250;Reçete Adimlari Listelendi : ANGIOGRAPHY PACK SAV-17MG;5;;Reçete
92683;30.05.2023 09:50:00;29;192.168.1.195;0;Yeni Reçete Adim Ekleme Ekrani Girisi;5;;Reçete
92684;30.05.2023 09:50:00;29;192.168.1.195;0;Yeni Reçete Adim Ekleme Ekrani Girisi;5;;Reçete
92685;30.05.2023 09:51:00;29;192.168.1.195;0;Yeni Reçete Adim Ekleme Ekrani Girisi;5;;Reçete
92686;30.05.2023 09:51:00;35;192.168.1.165;0;Kalite kontrol formlari listendi;5;;Kalite Kontrol
92687;30.05.2023 09:51:00;29;192.168.1.195;0;Yeni Reçete Ekleme veya Güncelleme: ;5;;Reçete
92688;30.05.2023 09:51:00;29;192.168.1.195;0;Yeni Reçete Adimi Ekleniyor;5;;Reçete
92689;30.05.2023 09:51:00;29;192.168.1.195;0;Reçete adimi sirasi degistirildi;5;;Reçete
92690;30.05.2023 09:51:00;29;192.168.1.195;4250;Reçete Adimlari Listelendi : ANGIOGRAPHY PACK SAV-17MG;5;;Reçete
92691;30.05.2023 09:53:00;29;192.168.1.195;0;Yeni Reçete Adim Ekleme Ekrani Girisi;5;;Reçete
92692;30.05.2023 09:53:00;29;192.168.1.195;0;Yeni Reçete Adim Ekleme Ekrani Girisi;5;;Reçete
92693;30.05.2023 09:53:00;29;192.168.1.195;0;Yeni Reçete Adim Ekleme Ekrani Girisi;5;;Reçete
92694;30.05.2023 09:55:00;29;192.168.1.195;0;Yeni Reçete Ekleme veya Güncelleme: ;5;;Reçete
92695;30.05.2023 09:55:00;29;192.168.1.195;0;Yeni Reçete Adimi Ekleniyor;5;;Reçete
92696;30.05.2023 09:55:00;29;192.168.1.195;0;Reçete adimi sirasi degistirildi;5;;Reçete
92697;30.05.2023 09:55:00;29;192.168.1.195;4250;Reçete Adimlari Listelendi : ANGIOGRAPHY PACK SAV-17MG;5;;Reçete
92698;30.05.2023 09:55:00;29;192.168.1.195;0;Yeni Reçete Adim Ekleme Ekrani Girisi;5;;Reçete
92699;30.05.2023 09:55:00;29;192.168.1.195;0;Yeni Reçete Adim Ekleme Ekrani Girisi;5;;Reçete
92700;30.05.2023 09:55:00;29;192.168.1.195;0;Yeni Reçete Adim Ekleme Ekrani Girisi;5;;Reçete
92701;30.05.2023 09:56:00;29;192.168.1.195;0;Yeni Reçete Ekleme veya Güncelleme: ;5;;Reçete
92702;30.05.2023 09:56:00;29;192.168.1.195;0;Yeni Reçete Adimi Ekleniyor;5;;Reçete
92703;30.05.2023 09:56:00;29;192.168.1.195;0;Reçete adimi sirasi degistirildi;5;;Reçete
92704;30.05.2023 09:56:00;29;192.168.1.195;4250;Reçete Adimlari Listelendi : ANGIOGRAPHY PACK SAV-17MG;5;;Reçete
92705;30.05.2023 09:56:00;29;192.168.1.195;0;Yeni Reçete Adim Ekleme Ekrani Girisi;5;;Reçete
92706;30.05.2023 09:56:00;29;192.168.1.195;0;Yeni Reçete Adim Ekleme Ekrani Girisi;5;;Reçete
92707;30.05.2023 09:58:00;29;192.168.1.195;0;Yeni Reçete Adim Ekleme Ekrani Girisi;5;;Reçete
92708;30.05.2023 09:59:00;29;192.168.1.195;0;Yeni Reçete Ekleme veya Güncelleme: ;5;;Reçete
92709;30.05.2023 09:59:00;29;192.168.1.195;0;Yeni Reçete Adimi Ekleniyor;5;;Reçete
92710;30.05.2023 09:59:00;29;192.168.1.195;0;Reçete adimi sirasi degistirildi;5;;Reçete
92711;30.05.2023 09:59:00;29;192.168.1.195;4250;Reçete Adimlari Listelendi : ANGIOGRAPHY PACK SAV-17MG;5;;Reçete
92712;30.05.2023 09:59:00;29;192.168.1.195;0;Yeni Reçete Adim Ekleme Ekrani Girisi;5;;Reçete
92713;30.05.2023 09:59:00;29;192.168.1.195;0;Yeni Reçete Adim Ekleme Ekrani Girisi;5;;Reçete
92714;30.05.2023 10:06:00;27;192.168.1.138;0;Stok Listesi Ekrani;5;;Stok
92715;30.05.2023 10:06:00;27;192.168.1.138;0;Stok Listesi Ekrani;5;;Stok
92716;30.05.2023 10:07:00;27;192.168.1.138;0;Stok Listesi Ekrani;5;;Stok
92717;30.05.2023 10:07:00;27;192.168.1.138;0;Seçtiginiz kriterlerde kayit bulunamadi;5;;Stok
92718;30.05.2023 10:07:00;27;192.168.1.138;0;Stok Listesi Ekrani;5;;Stok
92719;30.05.2023 10:14:00;29;192.168.1.195;0;Yeni Reçete Adim Ekleme Ekrani Girisi;5;;Reçete
92720;30.05.2023 10:14:00;29;192.168.1.195;0;Yeni Reçete Ekleme veya Güncelleme: ;5;;Reçete
92721;30.05.2023 10:14:00;29;192.168.1.195;0;Yeni Reçete Adimi Ekleniyor;5;;Reçete
92722;30.05.2023 10:14:00;29;192.168.1.195;0;Reçete adimi sirasi degistirildi;5;;Reçete
92723;30.05.2023 10:14:00;29;192.168.1.195;4250;Reçete Adimlari Listelendi : ANGIOGRAPHY PACK SAV-17MG;5;;Reçete
92724;30.05.2023 10:14:00;29;192.168.1.195;0;Yeni Reçete Adim Ekleme Ekrani Girisi;5;;Reçete
92725;30.05.2023 10:14:00;29;192.168.1.195;0;Yeni Reçete Adim Ekleme Ekrani Girisi;5;;Reçete
92726;30.05.2023 10:15:00;29;192.168.1.195;0;Yeni Reçete Adim Ekleme Ekrani Girisi;5;;Reçete
92727;30.05.2023 10:15:00;29;192.168.1.195;0;Yeni Reçete Ekleme veya Güncelleme: ;5;;Reçete
92728;30.05.2023 10:15:00;29;192.168.1.195;0;Yeni Reçete Adimi Ekleniyor;5;;Reçete
92729;30.05.2023 10:15:00;29;192.168.1.195;0;Reçete adimi sirasi degistirildi;5;;Reçete
92730;30.05.2023 10:15:00;29;192.168.1.195;4250;Reçete Adimlari Listelendi : ANGIOGRAPHY PACK SAV-17MG;5;;Reçete
92731;30.05.2023 10:15:00;29;192.168.1.195;0;Yeni Reçete Adim Ekleme Ekrani Girisi;5;;Reçete
92732;30.05.2023 10:15:00;29;192.168.1.195;0;Yeni Reçete Adim Ekleme Ekrani Girisi;5;;Reçete
92733;30.05.2023 10:15:00;29;192.168.1.195;0;Yeni Reçete Adim Ekleme Ekrani Girisi;5;;Reçete
92734;30.05.2023 10:16:00;29;192.168.1.195;0;Yeni Reçete Ekleme veya Güncelleme: ;5;;Reçete
92735;30.05.2023 10:16:00;29;192.168.1.195;0;Yeni Reçete Adimi Ekleniyor;5;;Reçete
92736;30.05.2023 10:16:00;29;192.168.1.195;0;Reçete adimi sirasi degistirildi;5;;Reçete
92737;30.05.2023 10:16:00;29;192.168.1.195;4250;Reçete Adimlari Listelendi : ANGIOGRAPHY PACK SAV-17MG;5;;Reçete
92738;30.05.2023 10:16:00;29;192.168.1.195;0;Yeni Reçete Adim Ekleme Ekrani Girisi;5;;Reçete
92739;30.05.2023 10:16:00;29;192.168.1.195;0;Yeni Reçete Adim Ekleme Ekrani Girisi;5;;Reçete
92740;30.05.2023 10:17:00;29;192.168.1.195;0;Yeni Reçete Adim Ekleme Ekrani Girisi;5;;Reçete
92741;30.05.2023 10:17:00;28;192.168.1.128;0;Stok Listesi Ekrani;5;;Stok
92742;30.05.2023 10:18:00;28;192.168.1.128;0;Stok Listesi Ekrani;5;;Stok
92743;30.05.2023 10:18:00;29;192.168.1.195;0;Yeni Reçete Ekleme veya Güncelleme: ;5;;Reçete
92744;30.05.2023 10:18:00;29;192.168.1.195;0;Yeni Reçete Adimi Ekleniyor;5;;Reçete
92745;30.05.2023 10:18:00;29;192.168.1.195;0;Reçete adimi sirasi degistirildi;5;;Reçete
92746;30.05.2023 10:18:00;29;192.168.1.195;4250;Reçete Adimlari Listelendi : ANGIOGRAPHY PACK SAV-17MG;5;;Reçete
92747;30.05.2023 10:18:00;29;192.168.1.195;0;Yeni Reçete Adim Ekleme Ekrani Girisi;5;;Reçete
92748;30.05.2023 10:18:00;28;192.168.1.128;2992;Stok Depo Miktarlari Detay;5;;stok
92749;30.05.2023 10:18:00;28;192.168.1.128;0;Mal Kabul Ekrani Giris;5;;Lojistik
92750;30.05.2023 10:18:00;28;192.168.1.128;0;Mal Kabul Siparisleri Listelendi;5;;Satin Alma
92751;30.05.2023 10:21:00;36;192.168.1.164;0;Kalite kontrol formlari listendi;5;;Kalite Kontrol
92752;30.05.2023 10:40:00;29;192.168.1.195;0;Müsteri Siparisleri Listelendi;5;;Satis
92753;30.05.2023 10:40:00;29;192.168.1.195;0;Planlama ajanda sayfasi girisi;5;;Planlama
92754;30.05.2023 10:40:00;29;192.168.1.195;0;ajanda plan kaydi degistirildi ID:0;5;;Planlama
92755;30.05.2023 10:40:00;29;192.168.1.195;0;Ajandaya etkinlik kaydi yapildi;5;;Planlama
92756;30.05.2023 10:40:00;29;192.168.1.195;0;Planlama ajanda sayfasi girisi;5;;Planlama
92757;30.05.2023 10:40:00;29;192.168.1.195;0;Müsteri Siparisleri Listelendi;5;;Satis
92758;30.05.2023 10:40:00;29;192.168.1.195;266;Üretim Kontrolü Ekrani;5;;Üretim
92759;30.05.2023 10:41:00;29;192.168.1.195;266;Üretim Kontrolü Ekrani;5;;Üretim
92760;30.05.2023 10:41:00;29;192.168.1.195;266;Üretim Kontrolü Ekrani;5;;Üretim
92761;30.05.2023 10:41:00;29;192.168.1.195;266;Üretim Kontrolü Ekrani;5;;Üretim
92762;30.05.2023 10:41:00;29;192.168.1.195;266;Üretim Lot Seçimi Ekrani;5;;Üretim
92763;30.05.2023 10:41:00;29;192.168.1.195;0;Depolar arasi transfer giris depo seçildi giris depo:;5;;Depo
92764;30.05.2023 10:41:00;29;192.168.1.195;0;Yetkisiz Giris;5;;Depo
92765;30.05.2023 10:42:00;29;192.168.1.195;266;Üretim Lot Seçimi Ekrani;5;;Üretim
92766;30.05.2023 10:42:00;29;192.168.1.195;0;Depolar arasi transfer giris depo seçildi giris depo:;5;;Depo
92767;30.05.2023 10:42:00;29;192.168.1.195;0;Yetkisiz Giris;5;;Depo
92768;30.05.2023 10:42:00;29;192.168.1.195;0;Depolar arasi transfer giris depo seçildi giris depo:;5;;Depo
92769;30.05.2023 10:42:00;29;192.168.1.195;0;Yetkisiz Giris;5;;Depo
92770;30.05.2023 10:42:00;29;192.168.1.195;0;Depolar arasi transfer giris depo seçildi giris depo:;5;;Depo
92771;30.05.2023 10:42:00;29;192.168.1.195;0;Yetkisiz Giris;5;;Depo
92772;30.05.2023 10:42:00;29;192.168.1.195;0;Depolar arasi transfer giris depo seçildi giris depo:;5;;Depo
92773;30.05.2023 10:42:00;29;192.168.1.195;0;Yetkisiz Giris;5;;Depo
92774;30.05.2023 10:42:00;29;192.168.1.195;266;Üretim Lot Seçimi Ekrani;5;;Üretim
92775;30.05.2023 10:42:00;29;192.168.1.195;0;Stok Listesi Ekrani;5;;Stok
92776;30.05.2023 10:42:00;29;192.168.1.195;0;Stok Listesi Ekrani;5;;Stok
92777;30.05.2023 10:43:00;29;192.168.1.195;0;Üretim Isleri Listelendi;5;;Üretim
92778;30.05.2023 10:43:00;29;192.168.1.195;0;Üretim Isleri Listelendi;5;;Üretim
92779;30.05.2023 10:43:00;29;192.168.1.195;266;Üretim Kontrolü Ekrani;5;;Üretim
92780;30.05.2023 10:43:00;29;192.168.1.195;0;Welcome Dashboard;5;;Dashboard
92781;30.05.2023 10:43:00;29;192.168.1.195;0;Personel Çikis Yapti;5;;Personel
92782;30.05.2023 10:43:00;0;192.168.1.195;0;Sifre Giris Ekrani;5;;
92783;30.05.2023 10:43:00;0;192.168.1.195;0;Sifre Denemesi;5;;Personel
92784;30.05.2023 10:43:00;0;192.168.1.195;0;Sifre Dogrulaniyor;5;;Personel
92785;30.05.2023 10:43:00;2;192.168.1.195;0;Basarili Giris;5;;Personel
92786;30.05.2023 10:43:00;2;192.168.1.195;0;Welcome Dashboard;5;;Dashboard
92787;30.05.2023 10:43:00;2;192.168.1.195;0;Üretim Isleri Listelendi;5;;Üretim
92788;30.05.2023 10:44:00;2;192.168.1.195;0;Üretim Isleri Listelendi;5;;Üretim
92789;30.05.2023 10:44:00;2;192.168.1.195;266;Üretim Kontrolü Ekrani;5;;Üretim
92790;30.05.2023 10:44:00;2;192.168.1.195;266;Üretim Kontrolü Ekrani;5;;Üretim
92791;30.05.2023 10:44:00;2;192.168.1.195;266;Üretim Kontrolü Ekrani;5;;Üretim
92792;30.05.2023 10:44:00;2;192.168.1.195;266;Üretim Kontrolü Ekrani;5;;Üretim
92793;30.05.2023 10:44:00;2;192.168.1.195;0;Depolar arasi transfer giris depo seçildi giris depo:;5;;Depo
92794;30.05.2023 10:44:00;2;192.168.1.195;0;Depolar arasi transfer giris depo seçildi giris depo:;5;;Depo
92795;30.05.2023 10:44:00;2;192.168.1.195;0;Depolar arasi transfer giris depo seçildi giris depo:Üretim Depo;5;;Depo
92796;30.05.2023 10:45:00;2;192.168.1.195;0;Depolar arasi transfer giris depo seçildi giris depo:;5;;Depo
92797;30.05.2023 10:45:00;2;192.168.1.195;0;Depolar arasi transfer giris depo seçildi giris depo:;5;;Depo
92798;30.05.2023 10:45:00;2;192.168.1.195;0;Depolar arasi transfer giris depo seçildi giris depo:Üretim Depo;5;;Depo
92799;30.05.2023 10:45:00;2;192.168.1.195;0;Depolar arasi transfer giris depo seçildi giris depo:;5;;Depo
92800;30.05.2023 10:45:00;2;192.168.1.195;0;Depolar arasi transfer giris depo seçildi giris depo:;5;;Depo
92801;30.05.2023 10:45:00;2;192.168.1.195;0;Depolar arasi transfer giris depo seçildi giris depo:Üretim Depo;5;;Depo
92802;30.05.2023 10:46:00;2;192.168.1.195;0;Depolar arasi transfer giris depo seçildi giris depo:Üretim Depo;5;;Depo
92803;30.05.2023 10:46:00;2;192.168.1.195;266;Üretim Kontrolü Ekrani;5;;Üretim
92804;30.05.2023 10:46:00;2;192.168.1.195;0;Depo transferi olusturuldu <b>stokHareketID:</b> 470;5;;Depo
92805;30.05.2023 10:46:00;2;192.168.1.195;0;Depolar arasi transfer giris depo seçildi giris depo:Üretim Depo;5;;Depo
92806;30.05.2023 10:46:00;2;192.168.1.195;266;Üretim Kontrolü Ekrani;5;;Üretim
92807;30.05.2023 10:46:00;2;192.168.1.195;0;Depo transferi olusturuldu <b>stokHareketID:</b> 472;5;;Depo
92808;30.05.2023 10:46:00;2;192.168.1.195;0;Depolar arasi transfer giris depo seçildi giris depo:Üretim Depo;5;;Depo
92809;30.05.2023 10:46:00;2;192.168.1.195;266;Üretim Kontrolü Ekrani;5;;Üretim
92810;30.05.2023 10:46:00;2;192.168.1.195;0;Depo transferi olusturuldu <b>stokHareketID:</b> 474;5;;Depo
92811;30.05.2023 10:46:00;2;192.168.1.195;0;Depolar arasi transfer giris depo seçildi giris depo:Üretim Depo;5;;Depo
92812;30.05.2023 10:46:00;2;192.168.1.195;266;Üretim Kontrolü Ekrani;5;;Üretim
92813;30.05.2023 10:46:00;2;192.168.1.195;0;Depo Günlük Is Listesi;5;;Depo
92814;30.05.2023 10:46:00;2;192.168.1.195;0;Depolar arasi transfer giris depo seçildi giris depo:;5;;Depo
92815;30.05.2023 10:46:00;2;192.168.1.195;0;Depolar arasi transfer giris depo seçildi giris depo:;5;;Depo
92816;30.05.2023 10:46:00;2;192.168.1.195;0;Depolar arasi transfer giris depo seçildi giris depo:Üretim Depo;5;;Depo
92817;30.05.2023 10:47:00;2;192.168.1.195;0;Depo Günlük Is Listesi;5;;Depo
92818;30.05.2023 10:47:00;2;192.168.1.195;0;Depolar arasi transfer giris depo seçildi giris depo:;5;;Depo
92819;30.05.2023 10:47:00;2;192.168.1.195;0;Depolar arasi transfer giris depo seçildi giris depo:;5;;Depo
92820;30.05.2023 10:47:00;2;192.168.1.195;0;Depolar arasi transfer giris depo seçildi giris depo:Üretim Depo;5;;Depo
92821;30.05.2023 10:47:00;2;192.168.1.195;0;Üretim Depo Girisi Bekleyen Ürünler Ekrani;5;;Üretim
92822;30.05.2023 10:48:00;2;192.168.1.195;0;Personel Çikis Yapti;5;;Personel
92823;30.05.2023 10:48:00;0;192.168.1.195;0;Sifre Giris Ekrani;5;;
92824;30.05.2023 10:48:00;0;192.168.1.195;0;Sifre Denemesi;5;;Personel
92825;30.05.2023 10:48:00;0;192.168.1.195;0;Sifre Dogrulaniyor;5;;Personel
92826;30.05.2023 10:48:00;29;192.168.1.195;0;Basarili Giris;5;;Personel
92827;30.05.2023 10:48:00;29;192.168.1.195;0;Welcome Dashboard;5;;Dashboard
92828;30.05.2023 10:48:00;29;192.168.1.195;0;Üretim Depo Girisi Bekleyen Ürünler Ekrani;5;;Üretim
92829;30.05.2023 10:48:00;29;192.168.1.195;0;Hücre Kaydet islemi basarili (tablo:stok.stokHareket) (alan:stokHareketTuru) (id:471) (deger:G);5;;
92830;30.05.2023 10:48:00;29;192.168.1.195;0;Üretim Depo Girisi Bekleyen Ürünler Ekrani;5;;Üretim
92831;30.05.2023 10:48:00;29;192.168.1.195;0;Hücre Kaydet islemi basarili (tablo:stok.stokHareket) (alan:stokHareketTuru) (id:473) (deger:G);5;;
92832;30.05.2023 10:48:00;29;192.168.1.195;0;Üretim Depo Girisi Bekleyen Ürünler Ekrani;5;;Üretim
92833;30.05.2023 10:48:00;29;192.168.1.195;0;Hücre Kaydet islemi basarili (tablo:stok.stokHareket) (alan:stokHareketTuru) (id:475) (deger:G);5;;
92834;30.05.2023 10:48:00;29;192.168.1.195;0;Üretim Depo Girisi Bekleyen Ürünler Ekrani;5;;Üretim
92835;30.05.2023 10:48:00;29;192.168.1.195;0;Hücre Kaydet islemi basarili (tablo:stok.stokHareket) (alan:stokHareketTuru) (id:450) (deger:G);5;;
92836;30.05.2023 10:48:00;29;192.168.1.195;0;Üretim Depo Girisi Bekleyen Ürünler Ekrani;5;;Üretim
92837;30.05.2023 10:48:00;29;192.168.1.195;0;Onay Bekleyen Kayit Bulunamadi;5;;Üretim
92838;30.05.2023 10:48:00;29;192.168.1.195;0;Üretim Isleri Listelendi;5;;Üretim
92839;30.05.2023 10:48:00;29;192.168.1.195;0;Üretim Isleri Listelendi;5;;Üretim
92840;30.05.2023 10:48:00;29;192.168.1.195;266;Üretim Kontrolü Ekrani;5;;Üretim
92841;30.05.2023 10:48:00;29;192.168.1.195;266;Üretim Kontrolü Ekrani;5;;Üretim
92842;30.05.2023 10:48:00;29;192.168.1.195;266;Üretim Kontrolü Ekrani;5;;Üretim
92843;30.05.2023 10:48:00;29;192.168.1.195;266;Üretim Kontrolü Ekrani;5;;Üretim
92844;30.05.2023 10:48:00;29;192.168.1.195;0;Depolar arasi transfer giris depo seçildi giris depo:;5;;Depo
92845;30.05.2023 10:48:00;29;192.168.1.195;0;Yetkisiz Giris;5;;Depo
92846;30.05.2023 10:49:00;29;192.168.1.195;0;Üretim Isleri Listelendi;5;;Üretim
92847;30.05.2023 10:49:00;29;192.168.1.195;0;Personel Çikis Yapti;5;;Personel
92848;30.05.2023 10:49:00;0;192.168.1.195;0;Sifre Giris Ekrani;5;;
92849;30.05.2023 10:49:00;0;192.168.1.195;0;Sifre Denemesi;5;;Personel
92850;30.05.2023 10:49:00;0;192.168.1.195;0;Sifre Dogrulaniyor;5;;Personel
92851;30.05.2023 10:49:00;2;192.168.1.195;0;Basarili Giris;5;;Personel
92852;30.05.2023 10:49:00;2;192.168.1.195;0;Welcome Dashboard;5;;Dashboard
92853;30.05.2023 10:49:00;2;192.168.1.195;0;Üretim Isleri Listelendi;5;;Üretim
92854;30.05.2023 10:49:00;2;192.168.1.195;0;Üretim Isleri Listelendi;5;;Üretim
92855;30.05.2023 10:49:00;2;192.168.1.195;266;Üretim Kontrolü Ekrani;5;;Üretim
92856;30.05.2023 10:49:00;2;192.168.1.195;266;Üretim Kontrolü Ekrani;5;;Üretim
92857;30.05.2023 10:49:00;2;192.168.1.195;266;Üretim Kontrolü Ekrani;5;;Üretim
92858;30.05.2023 10:49:00;2;192.168.1.195;266;Üretim Kontrolü Ekrani;5;;Üretim
92859;30.05.2023 10:49:00;2;192.168.1.195;266;Üretim Lot Seçimi Ekrani;5;;Üretim
92860;30.05.2023 10:50:00;2;192.168.1.195;0;Üretim için seçilen Lot kayit;5;;Üretim
92861;30.05.2023 10:50:00;2;192.168.1.195;266;Üretim Kontrolü Ekrani;5;;Üretim
92862;30.05.2023 10:50:00;2;192.168.1.195;266;Üretim Lot Seçimi Ekrani;5;;Üretim
92863;30.05.2023 10:50:00;2;192.168.1.195;0;Üretim için seçilen Lot kayit;5;;Üretim
92864;30.05.2023 10:50:00;2;192.168.1.195;266;Üretim Kontrolü Ekrani;5;;Üretim
92865;30.05.2023 10:50:00;2;192.168.1.195;266;Üretim Lot Seçimi Ekrani;5;;Üretim
92866;30.05.2023 10:50:00;2;192.168.1.195;0;Üretim için seçilen Lot kayit;5;;Üretim
92867;30.05.2023 10:50:00;2;192.168.1.195;266;Üretim Kontrolü Ekrani;5;;Üretim
92868;30.05.2023 10:50:00;2;192.168.1.195;0;Depolar arasi transfer giris depo seçildi giris depo:;5;;Depo
92869;30.05.2023 10:50:00;2;192.168.1.195;0;Depolar arasi transfer giris depo seçildi giris depo:;5;;Depo
92870;30.05.2023 10:50:00;2;192.168.1.195;0;Depolar arasi transfer giris depo seçildi giris depo:Kesimhane depo;5;;Depo
92871;30.05.2023 10:50:00;2;192.168.1.195;0;Üretim Isleri Listelendi;5;;Üretim
92872;30.05.2023 10:50:00;2;192.168.1.195;0;Üretim Isleri Listelendi;5;;Üretim
92873;30.05.2023 10:50:00;2;192.168.1.195;0;Üretim Isleri Listelendi;5;;Üretim
92874;30.05.2023 10:51:00;2;192.168.1.195;0;Depolar arasi transfer giris depo seçildi giris depo:;5;;Depo
92875;30.05.2023 10:51:00;2;192.168.1.195;0;Depolar arasi transfer giris depo seçildi giris depo:;5;;Depo
92876;30.05.2023 10:51:00;27;192.168.1.138;0;Mal Kabul Siparisleri Listelendi;5;;Satin Alma
92877;30.05.2023 10:51:00;2;192.168.1.195;0;Depolar arasi transfer giris depo seçildi giris depo:Kesimhane depo;5;;Depo
92878;30.05.2023 10:51:00;2;192.168.1.195;0;Depolar arasi transfer giris depo seçildi giris depo:Üretim Depo;5;;Depo
92879;30.05.2023 10:51:00;2;192.168.1.195;0;Depolar arasi transfer giris depo seçildi giris depo:Kesimhane depo;5;;Depo
92880;30.05.2023 10:51:00;2;192.168.1.195;1975;Stok Depo Miktarlari Detay;5;;stok
92881;30.05.2023 10:51:00;2;192.168.1.195;0;Depolar arasi transfer giris depo seçildi giris depo:;5;;Depo
92882;30.05.2023 10:51:00;2;192.168.1.195;0;Depolar arasi transfer giris depo seçildi giris depo:;5;;Depo
92883;30.05.2023 10:52:00;2;192.168.1.195;0;Depolar arasi transfer giris depo seçildi giris depo:Üretim Depo;5;;Depo
92884;30.05.2023 10:53:00;2;192.168.1.195;0;Üretim Isleri Listelendi;5;;Üretim
92885;30.05.2023 10:53:00;2;192.168.1.195;0;Üretim Isleri Listelendi;5;;Üretim
92886;30.05.2023 10:53:00;2;192.168.1.195;266;Üretim Kontrolü Ekrani;5;;Üretim
92887;30.05.2023 10:53:00;2;192.168.1.195;266;Üretim Kontrolü Ekrani;5;;Üretim
92888;30.05.2023 10:53:00;2;192.168.1.195;266;Üretim Kontrolü Ekrani;5;;Üretim
92889;30.05.2023 10:53:00;2;192.168.1.195;266;Üretim Kontrolü Ekrani;5;;Üretim
92890;30.05.2023 10:53:00;2;192.168.1.195;266;Üretim Lot Seçimi Ekrani;5;;Üretim
92891;30.05.2023 10:54:00;28;192.168.1.128;0;Mal Kabul Siparisleri Listelendi;5;;Satin Alma
92892;30.05.2023 10:54:00;27;192.168.1.138;0;Satinalma Temp Siparis Olusturma Ekrani;5;;Satin Alma
92893;30.05.2023 10:54:00;2;192.168.1.195;0;Üretim Isleri Listelendi;5;;Üretim
92894;30.05.2023 10:54:00;2;192.168.1.195;0;Üretim Isleri Listelendi;5;;Üretim
92895;30.05.2023 10:54:00;27;192.168.1.138;0;Mal Kabul Siparisleri Listelendi;5;;Satin Alma
92896;30.05.2023 10:55:00;2;192.168.1.195;0;Üretim Isleri Listelendi;5;;Üretim
92897;30.05.2023 10:55:00;2;192.168.1.195;0;Üretim Isleri Listelendi;5;;Üretim
92898;30.05.2023 10:55:00;2;192.168.1.195;0;Üretim Isleri Listelendi;5;;Üretim
92899;30.05.2023 10:55:00;2;192.168.1.195;0;Reçeteler Listelendi;5;;Reçete
92900;30.05.2023 10:55:00;28;192.168.1.128;0;Satinalma Talep Olusturma Ekrani;5;;Satin Alma
92901;30.05.2023 10:55:00;2;192.168.1.195;0;Reçeteler Listelendi;5;;Reçete
92902;30.05.2023 10:55:00;2;192.168.1.195;0;Üretim Isleri Listelendi;5;;Üretim
92903;30.05.2023 10:55:00;2;192.168.1.195;0;Üretim Isleri Listelendi;5;;Üretim
92904;30.05.2023 10:56:00;2;192.168.1.195;366;Stok Depo Miktarlari Detay;5;;stok
92905;30.05.2023 10:56:00;2;192.168.1.195;0;Üretim Isleri Listelendi;5;;Üretim
92906;30.05.2023 10:56:00;2;192.168.1.195;0;Üretim Isleri Listelendi;5;;Üretim
92907;30.05.2023 10:56:00;27;192.168.1.138;0;Satinalma Talebinden Siparis Olustur: id:2513;5;;Satin Alma
92908;30.05.2023 10:56:00;2;192.168.1.195;266;Üretim Kontrolü Ekrani;5;;Üretim
92909;30.05.2023 10:56:00;2;192.168.1.195;266;Üretim Kontrolü Ekrani;5;;Üretim
92910;30.05.2023 10:56:00;2;192.168.1.195;266;Üretim Kontrolü Ekrani;5;;Üretim
92911;30.05.2023 10:56:00;2;192.168.1.195;266;Üretim Kontrolü Ekrani;5;;Üretim
92912;30.05.2023 10:56:00;2;192.168.1.195;0;Reçeteler Listelendi;5;;Reçete
92913;30.05.2023 10:56:00;2;192.168.1.195;0;Reçeteler Listelendi;5;;Reçete
92914;30.05.2023 10:56:00;2;192.168.1.195;1126;Reçete Adimlari Listelendi : OPU  SETI    ACIBADEM;5;;Reçete
92915;30.05.2023 10:56:00;2;192.168.1.195;0;Yeni Reçete Adim Ekleme Ekrani Girisi;5;;Reçete
92916;30.05.2023 10:56:00;2;192.168.1.195;0;Yeni Reçete Ekleme veya Güncelleme: ;5;;Reçete
92917;30.05.2023 10:56:00;2;192.168.1.195;0;Reçete Adimi Güncelleniyor;5;;Reçete
92918;30.05.2023 10:56:00;2;192.168.1.195;1126;Reçete Adimlari Listelendi : OPU  SETI    ACIBADEM;5;;Reçete
92919;30.05.2023 10:57:00;28;192.168.1.128;0;84 ID ürün için satinalma talebi eklendi;5;;Satin Alma
92920;30.05.2023 10:57:00;28;192.168.1.128;0;Satinalma Talep ana tablo aktarimi;5;;Satin Alma
92921;30.05.2023 10:57:00;2;192.168.1.195;0;Üretim Isleri Listelendi;5;;Üretim
92922;30.05.2023 10:57:00;2;192.168.1.195;0;Üretim Isleri Listelendi;5;;Üretim
92923;30.05.2023 10:58:00;2;192.168.1.195;0;Depolar arasi transfer giris depo seçildi giris depo:;5;;Depo
92924;30.05.2023 10:58:00;2;192.168.1.195;0;Depolar arasi transfer giris depo seçildi giris depo:;5;;Depo
92925;30.05.2023 10:58:00;2;192.168.1.195;0;Depolar arasi transfer giris depo seçildi giris depo:Üretim Depo;5;;Depo
92926;30.05.2023 10:58:00;2;192.168.1.195;0;Stok Listesi Ekrani;5;;Stok
92927;30.05.2023 10:58:00;2;192.168.1.195;0;Stok Listesi Ekrani;5;;Stok
92928;30.05.2023 10:58:00;2;192.168.1.195;99;Stok Depo Miktarlari Detay;5;;stok
92929;30.05.2023 10:59:00;2;192.168.1.195;0;Üretim Isleri Listelendi;5;;Üretim
92930;30.05.2023 10:59:00;2;192.168.1.195;0;Üretim Isleri Listelendi;5;;Üretim
92931;30.05.2023 10:59:00;2;192.168.1.195;266;Üretim Kontrolü Ekrani;5;;Üretim
92932;30.05.2023 10:59:00;2;192.168.1.195;266;Üretim Kontrolü Ekrani;5;;Üretim
92933;30.05.2023 10:59:00;2;192.168.1.195;266;Üretim Kontrolü Ekrani;5;;Üretim
92934;30.05.2023 10:59:00;2;192.168.1.195;266;Üretim Kontrolü Ekrani;5;;Üretim
92935;30.05.2023 11:00:00;2;192.168.1.195;0;Depolar arasi transfer giris depo seçildi giris depo:;5;;Depo
92936;30.05.2023 11:00:00;2;192.168.1.195;0;Depolar arasi transfer giris depo seçildi giris depo:;5;;Depo
92937;30.05.2023 11:00:00;28;192.168.1.128;0;Stok Listesi Ekrani;5;;Stok
92938;30.05.2023 11:00:00;28;192.168.1.128;0;Seçtiginiz kriterlerde kayit bulunamadi;5;;Stok
92939;30.05.2023 11:00:00;28;192.168.1.128;0;Stok Düzenleme Ekrani Girisi;5;;Stok
92940;30.05.2023 11:00:00;2;192.168.1.195;0;Depolar arasi transfer giris depo seçildi giris depo:;5;;Depo
92941;30.05.2023 11:00:00;2;192.168.1.195;0;Depolar arasi transfer giris depo seçildi giris depo:;5;;Depo
92942;30.05.2023 11:00:00;2;192.168.1.195;0;Depolar arasi transfer giris depo seçildi giris depo:Kesimhane depo;5;;Depo
92943;30.05.2023 11:00:00;28;192.168.1.128;0;Stok Güncelleme: HM-00091;5;;Stok
92944;30.05.2023 11:00:00;28;192.168.1.128;0;Yeni ürün eklendi:HM-00091;5;;Stok
92945;30.05.2023 11:00:00;28;192.168.1.128;0;Stok Listesi Ekrani;5;;Stok
92946;30.05.2023 11:00:00;28;192.168.1.128;0;Stok Listesi Ekrani;5;;Stok
92947;30.05.2023 11:00:00;2;192.168.1.195;0;Üretim için seçilen Lot siliniyor;5;;Üretim
92948;30.05.2023 11:00:00;2;192.168.1.195;266;Üretim Kontrolü Ekrani;5;;Üretim
92949;30.05.2023 11:00:00;2;192.168.1.195;0;Üretim için seçilen Lot siliniyor;5;;Üretim
92950;30.05.2023 11:00:00;2;192.168.1.195;266;Üretim Kontrolü Ekrani;5;;Üretim
92951;30.05.2023 11:00:00;2;192.168.1.195;0;Üretim için seçilen Lot siliniyor;5;;Üretim
92952;30.05.2023 11:00:00;2;192.168.1.195;266;Üretim Kontrolü Ekrani;5;;Üretim
92953;30.05.2023 11:00:00;28;192.168.1.128;0;Stok Listesi Ekrani;5;;Stok
92954;30.05.2023 11:00:00;28;192.168.1.128;0;Seçtiginiz kriterlerde kayit bulunamadi;5;;Stok
92955;30.05.2023 11:00:00;28;192.168.1.128;0;Stok Düzenleme Ekrani Girisi;5;;Stok
92956;30.05.2023 11:00:00;2;192.168.1.195;0;Planlama ajanda sayfasi girisi;5;;Planlama
92957;30.05.2023 11:00:00;2;192.168.1.195;0;Ajanda kaydi silindi ID:266;5;;
92958;30.05.2023 11:00:00;2;192.168.1.195;0;Planlama ajanda sayfasi girisi;5;;Planlama
92959;30.05.2023 11:01:00;2;192.168.1.195;0;Müsteri Siparisleri Listelendi;5;;Satis
92960;30.05.2023 11:01:00;28;192.168.1.128;0;Stok Güncelleme: HM-00092;5;;Stok
92961;30.05.2023 11:01:00;28;192.168.1.128;0;Yeni ürün eklendi:HM-00092;5;;Stok
92962;30.05.2023 11:01:00;28;192.168.1.128;0;Stok Listesi Ekrani;5;;Stok
92963;30.05.2023 11:01:00;2;192.168.1.195;0;Planlama ajanda sayfasi girisi;5;;Planlama
92964;30.05.2023 11:01:00;28;192.168.1.128;0;Stok Listesi Ekrani;5;;Stok
92965;30.05.2023 11:01:00;28;192.168.1.128;0;Seçtiginiz kriterlerde kayit bulunamadi;5;;Stok
92966;30.05.2023 11:01:00;2;192.168.1.195;0;ajanda plan kaydi degistirildi ID:0;5;;Planlama
92967;30.05.2023 11:01:00;2;192.168.1.195;0;Ajandaya etkinlik kaydi yapildi;5;;Planlama
92968;30.05.2023 11:01:00;2;192.168.1.195;0;Müsteri Siparisleri Listelendi;5;;Satis
92969;30.05.2023 11:01:00;2;192.168.1.195;0;Planlama ajanda sayfasi girisi;5;;Planlama
92970;30.05.2023 11:01:00;28;192.168.1.128;0;Stok Düzenleme Ekrani Girisi;5;;Stok
92971;30.05.2023 11:01:00;2;192.168.1.195;0;Üretim Isleri Listelendi;5;;Üretim
92972;30.05.2023 11:01:00;2;192.168.1.195;0;Üretim Isleri Listelendi;5;;Üretim
92973;30.05.2023 11:01:00;28;192.168.1.128;0;Stok Güncelleme: HM-00093;5;;Stok
92974;30.05.2023 11:01:00;28;192.168.1.128;0;Yeni ürün eklendi:HM-00093;5;;Stok
92975;30.05.2023 11:01:00;28;192.168.1.128;0;Stok Listesi Ekrani;5;;Stok
92976;30.05.2023 11:02:00;2;192.168.1.195;286;Üretim Kontrolü Ekrani;5;;Üretim
92977;30.05.2023 11:02:00;2;192.168.1.195;286;Üretim Kontrolü Ekrani;5;;Üretim
92978;30.05.2023 11:02:00;2;192.168.1.195;286;Üretim Kontrolü Ekrani;5;;Üretim
92979;30.05.2023 11:02:00;2;192.168.1.195;286;Üretim Kontrolü Ekrani;5;;Üretim
92980;30.05.2023 11:02:00;2;192.168.1.195;0;Depolar arasi transfer giris depo seçildi giris depo:;5;;Depo
92981;30.05.2023 11:02:00;2;192.168.1.195;0;Depolar arasi transfer giris depo seçildi giris depo:;5;;Depo
92982;30.05.2023 11:02:00;2;192.168.1.195;0;Depolar arasi transfer giris depo seçildi giris depo:Kesimhane depo;5;;Depo
92983;30.05.2023 11:02:00;28;192.168.1.128;0;Mal Kabul Siparisleri Listelendi;5;;Satin Alma
92984;30.05.2023 11:02:00;2;192.168.1.195;0;Stok Listesi Ekrani;5;;Stok
92985;30.05.2023 11:03:00;2;192.168.1.195;0;Stok Listesi Ekrani;5;;Stok
92986;30.05.2023 11:03:00;2;192.168.1.195;0;Stok Listesi Ekrani;5;;Stok
92987;30.05.2023 11:03:00;2;192.168.1.195;0;Stok Listesi Ekrani;5;;Stok
92988;30.05.2023 11:06:00;28;192.168.1.128;0;Stok Listesi Ekrani;5;;Stok
92989;30.05.2023 11:06:00;2;192.168.1.195;0;Stok Listesi Ekrani;5;;Stok
92990;30.05.2023 11:06:00;28;192.168.1.128;0;Stok Listesi Ekrani;5;;Stok
92991;30.05.2023 11:06:00;28;192.168.1.128;3053;Stok Düzenleme Ekrani Girisi;5;;Stok
92992;30.05.2023 11:06:00;28;192.168.1.128;0;Mal Kabul Ekrani Giris;5;;Lojistik
92993;30.05.2023 11:06:00;27;192.168.1.138;0;1247 carisine satin alma siparisi için 25 kodlu ürün eklendi;5;;Satin Alma
92994;30.05.2023 11:06:00;27;192.168.1.138;0;Satinalma siparis ana tablo aktarimi;5;;Satin Alma
92995;30.05.2023 11:06:00;27;192.168.1.138;0;Mal Kabul Siparisleri Listelendi;5;;Satin Alma
92996;30.05.2023 11:06:00;27;192.168.1.138;0;Satinalma Talebinden Siparis Olustur: id:2534;5;;Satin Alma
92997;30.05.2023 11:07:00;27;192.168.1.138;0;1318 carisine satin alma siparisi için 84 kodlu ürün eklendi;5;;Satin Alma
92998;30.05.2023 11:07:00;27;192.168.1.138;0;Satinalma siparis ana tablo aktarimi;5;;Satin Alma
92999;30.05.2023 11:07:00;27;192.168.1.138;0;Mal Kabul Siparisleri Listelendi;5;;Satin Alma
93000;30.05.2023 11:09:00;27;192.168.1.138;0;Stok Listesi Ekrani;5;;Stok
93001;30.05.2023 11:09:00;27;192.168.1.138;0;Stok Listesi Ekrani;5;;Stok
93002;30.05.2023 11:10:00;28;192.168.1.128;0;Mal Kabul Belge Kayit:DVF2023000000405;5;;Mal Kabul
93003;30.05.2023 11:23:00;28;192.168.1.128;0;Mal Kabul Ekrani Giris;5;;Lojistik
93004;30.05.2023 11:25:00;28;192.168.1.128;0;Mal Kabul Belge Kayit:DLF2023000000532;5;;Mal Kabul
93005;30.05.2023 11:25:00;28;192.168.1.128;0;Satinalma Talep Olusturma Ekrani;5;;Satin Alma
93006;30.05.2023 11:25:00;28;192.168.1.128;0;Mal Kabul Siparisleri Listelendi;5;;Satin Alma
93007;30.05.2023 11:26:00;28;192.168.1.128;0;Mal Kabul Siparisleri Listelendi;5;;Satin Alma
93008;30.05.2023 11:26:00;28;192.168.1.128;0;Mal Kabul Siparisleri Listelendi;5;;Satin Alma
93009;30.05.2023 11:26:00;28;192.168.1.128;0;Mal Kabul Ekrani Giris;5;;Lojistik
93010;30.05.2023 11:28:00;28;192.168.1.128;0;Mal Kabul Belge Kayit:GIB2023000000012;5;;Mal Kabul
93011;30.05.2023 11:30:00;2;192.168.1.195;0;Stok Listesi Ekrani;5;;Stok
93012;30.05.2023 11:44:00;36;192.168.1.164;0;Kalite Kontrol Bekleyen Ürünler Ekrani;5;;Kalite Kontrol
93013;30.05.2023 11:44:00;36;192.168.1.164;0;Kalite kontrol formlari listendi;5;;Kalite Kontrol
93014;30.05.2023 11:58:00;2;192.168.1.195;0;Welcome Dashboard;5;;Dashboard
93015;30.05.2023 11:58:00;2;192.168.1.195;0;Welcome Dashboard;5;;Dashboard
93016;30.05.2023 11:58:00;2;192.168.1.195;0;Stok Listesi Ekrani;5;;Stok
93017;30.05.2023 12:00:00;36;192.168.1.164;0;Welcome Dashboard;5;;Dashboard
93018;30.05.2023 12:00:00;36;192.168.1.164;0;Kalite Kontrol Bekleyen Ürünler Ekrani;5;;Kalite Kontrol
93019;30.05.2023 12:08:00;2;192.168.1.195;0;Welcome Dashboard;5;;Dashboard
93020;30.05.2023 12:08:00;2;192.168.1.195;0;Welcome Dashboard;5;;Dashboard
93021;30.05.2023 12:09:00;2;192.168.1.195;0;Stok Listesi Ekrani;5;;Stok
93022;30.05.2023 12:09:00;2;192.168.1.195;0;Stok Düzenleme Ekrani Girisi;5;;Stok
93023;30.05.2023 12:10:00;2;192.168.1.195;0;Stok Güncelleme: YM-00617;5;;Stok
93024;30.05.2023 12:10:00;2;192.168.1.195;0;Yazmis oldugunuz stok koduna ait baska bir ürün bulunuyor. Lütfen girdiginiz bilgileri kontrol edin.;5;;Stok
93025;30.05.2023 12:10:00;2;192.168.1.195;0;Stok Güncelleme: YM-00618;5;;Stok
93026;30.05.2023 12:10:00;2;192.168.1.195;0;Yeni ürün eklendi:YM-00618;5;;Stok
93027;30.05.2023 12:10:00;2;192.168.1.195;0;Stok Listesi Ekrani;5;;Stok
93028;30.05.2023 12:10:00;2;192.168.1.195;0;Reçeteler Listelendi;5;;Reçete
93029;30.05.2023 12:10:00;2;192.168.1.195;4250;Reçete Adimlari Listelendi : ANGIOGRAPHY PACK SAV-17MG;5;;Reçete
93030;30.05.2023 12:10:00;2;192.168.1.195;0;Yeni Reçete Adim Ekleme Ekrani Girisi;5;;Reçete
93031;30.05.2023 12:10:00;2;192.168.1.195;0;Yeni Reçete Adim Ekleme Ekrani Girisi;5;;Reçete
93032;30.05.2023 12:10:00;36;192.168.1.164;483;Stok girisi kalite kontrol onayi;5;;Kalite Kontrol
93033;30.05.2023 12:11:00;2;192.168.1.195;0;Yeni Reçete Adim Ekleme Ekrani Girisi;5;;Reçete
93034;30.05.2023 12:11:00;36;192.168.1.164;0;Kalite Kontrol ürün kabul: 483;5;;Kalite Kontrol
93035;30.05.2023 12:11:00;36;192.168.1.164;0;Kalite Kontrol Bekleyen Ürünler Ekrani;5;;Kalite Kontrol
93036;30.05.2023 12:11:00;2;192.168.1.195;0;Yeni Reçete Ekleme veya Güncelleme: ;5;;Reçete
93037;30.05.2023 12:11:00;2;192.168.1.195;0;Yeni Reçete Adimi Ekleniyor;5;;Reçete
93038;30.05.2023 12:11:00;2;192.168.1.195;0;Reçete adimi sirasi degistirildi;5;;Reçete
93039;30.05.2023 12:11:00;2;192.168.1.195;4250;Reçete Adimlari Listelendi : ANGIOGRAPHY PACK SAV-17MG;5;;Reçete
93040;30.05.2023 12:11:00;36;192.168.1.164;482;Stok girisi kalite kontrol onayi;5;;Kalite Kontrol
93041;30.05.2023 12:12:00;36;192.168.1.164;0;Kalite Kontrol ürün kabul: 482;5;;Kalite Kontrol
93042;30.05.2023 12:12:00;36;192.168.1.164;0;Kalite Kontrol Bekleyen Ürünler Ekrani;5;;Kalite Kontrol
93043;30.05.2023 12:12:00;36;192.168.1.164;484;Stok girisi kalite kontrol onayi;5;;Kalite Kontrol
93044;30.05.2023 12:12:00;2;192.168.1.195;0;Yeni Reçete Adim Ekleme Ekrani Girisi;5;;Reçete
93045;30.05.2023 12:12:00;2;192.168.1.195;0;Yeni Reçete Adim Ekleme Ekrani Girisi;5;;Reçete
93046;30.05.2023 12:12:00;2;192.168.1.195;0;Yeni Reçete Adim Ekleme Ekrani Girisi;5;;Reçete
93047;30.05.2023 12:12:00;36;192.168.1.164;0;Kalite Kontrol ürün kabul: 484;5;;Kalite Kontrol
93048;30.05.2023 12:12:00;36;192.168.1.164;0;Kalite Kontrol Bekleyen Ürünler Ekrani;5;;Kalite Kontrol
93049;30.05.2023 12:13:00;36;192.168.1.164;0;Kalite kontrol formlari listendi;5;;Kalite Kontrol
93050;30.05.2023 12:13:00;36;192.168.1.164;0;Kalite Kontrol Formu olusturma;5;;Kalite Kontrol
93051;30.05.2023 12:13:00;36;192.168.1.164;0;Kalite Kontrol Formu olusturma;5;;Kalite Kontrol
93052;30.05.2023 12:13:00;36;192.168.1.164;0;Kalite Kontrol Form degeri kayit;5;;Kalite Kontrol
93053;30.05.2023 12:13:00;36;192.168.1.164;0;Kalite Kontrol Form degeri kayit;5;;Kalite Kontrol
93054;30.05.2023 12:13:00;36;192.168.1.164;0;Kalite Kontrol Form degeri kayit;5;;Kalite Kontrol
93055;30.05.2023 12:13:00;36;192.168.1.164;0;Kalite Kontrol Form degeri kayit;5;;Kalite Kontrol
93056;30.05.2023 12:13:00;36;192.168.1.164;0;Kalite Kontrol Form degeri kayit;5;;Kalite Kontrol
93057;30.05.2023 12:13:00;36;192.168.1.164;0;Kalite Kontrol Form degeri kayit;5;;Kalite Kontrol
93058;30.05.2023 12:13:00;36;192.168.1.164;0;Kalite Kontrol Form degeri kayit;5;;Kalite Kontrol
93059;30.05.2023 12:13:00;36;192.168.1.164;0;Kalite Kontrol Form degeri kayit;5;;Kalite Kontrol
93060;30.05.2023 12:13:00;36;192.168.1.164;0;Kalite Kontrol Form degeri kayit;5;;Kalite Kontrol
93061;30.05.2023 12:13:00;36;192.168.1.164;0;Kalite Kontrol Form degeri kayit;5;;Kalite Kontrol
93062;30.05.2023 12:13:00;36;192.168.1.164;0;Kalite Kontrol Form degeri kayit;5;;Kalite Kontrol
93063;30.05.2023 12:13:00;36;192.168.1.164;0;Kalite Kontrol Form degeri kayit;5;;Kalite Kontrol
93064;30.05.2023 12:13:00;36;192.168.1.164;0;Kalite Kontrol Form degeri kayit;5;;Kalite Kontrol
93065;30.05.2023 12:13:00;36;192.168.1.164;0;Kalite Kontrol Form degeri kayit;5;;Kalite Kontrol
93066;30.05.2023 12:13:00;36;192.168.1.164;0;Kalite Kontrol Form degeri kayit;5;;Kalite Kontrol
93067;30.05.2023 12:13:00;36;192.168.1.164;0;Kalite Kontrol Form degeri kayit;5;;Kalite Kontrol
93068;30.05.2023 12:13:00;2;192.168.1.195;0;Yeni Reçete Ekleme veya Güncelleme: ;5;;Reçete
93069;30.05.2023 12:13:00;36;192.168.1.164;0;Kalite Kontrol Form degeri kayit;5;;Kalite Kontrol
93070;30.05.2023 12:13:00;2;192.168.1.195;0;Yeni Reçete Adimi Ekleniyor;5;;Reçete
93071;30.05.2023 12:13:00;2;192.168.1.195;0;Reçete adimi sirasi degistirildi;5;;Reçete
93072;30.05.2023 12:13:00;2;192.168.1.195;4250;Reçete Adimlari Listelendi : ANGIOGRAPHY PACK SAV-17MG;5;;Reçete
93073;30.05.2023 12:13:00;36;192.168.1.164;0;Kalite Kontrol Form degeri kayit;5;;Kalite Kontrol
93074;30.05.2023 12:13:00;36;192.168.1.164;0;Kalite Kontrol Form degeri kayit;5;;Kalite Kontrol
93075;30.05.2023 12:13:00;36;192.168.1.164;0;Kalite Kontrol Form degeri kayit;5;;Kalite Kontrol
93076;30.05.2023 12:13:00;36;192.168.1.164;0;Kalite Kontrol Form degeri kayit;5;;Kalite Kontrol
93077;30.05.2023 12:13:00;36;192.168.1.164;0;Kalite Kontrol Form degeri kayit;5;;Kalite Kontrol
93078;30.05.2023 12:13:00;36;192.168.1.164;0;Kalite Kontrol Form degeri kayit;5;;Kalite Kontrol
93079;30.05.2023 12:13:00;36;192.168.1.164;0;Kalite Kontrol Form degeri kayit;5;;Kalite Kontrol
93080;30.05.2023 12:13:00;36;192.168.1.164;0;Kalite Kontrol Form degeri kayit;5;;Kalite Kontrol
93081;30.05.2023 12:13:00;36;192.168.1.164;0;Kalite Kontrol Form degeri kayit;5;;Kalite Kontrol
93082;30.05.2023 12:13:00;36;192.168.1.164;0;Kalite Kontrol Form degeri kayit;5;;Kalite Kontrol
93083;30.05.2023 12:13:00;36;192.168.1.164;0;Kalite Kontrol Form degeri kayit;5;;Kalite Kontrol
93084;30.05.2023 12:13:00;36;192.168.1.164;0;Kalite Kontrol Form degeri kayit;5;;Kalite Kontrol
93085;30.05.2023 12:13:00;36;192.168.1.164;0;Kalite Kontrol Form degeri kayit;5;;Kalite Kontrol
93086;30.05.2023 12:13:00;36;192.168.1.164;0;Kalite Kontrol Form degeri kayit;5;;Kalite Kontrol
93087;30.05.2023 12:13:00;36;192.168.1.164;0;Kalite Kontrol Form degeri kayit;5;;Kalite Kontrol
93088;30.05.2023 12:13:00;36;192.168.1.164;0;Kalite Kontrol Form degeri kayit;5;;Kalite Kontrol
93089;30.05.2023 12:14:00;36;192.168.1.164;0;Kalite Kontrol Form degeri kayit;5;;Kalite Kontrol
93090;30.05.2023 12:14:00;36;192.168.1.164;0;Kalite Kontrol Form degeri kayit;5;;Kalite Kontrol
93091;30.05.2023 12:14:00;36;192.168.1.164;0;Kalite Kontrol Form degeri kayit;5;;Kalite Kontrol
93092;30.05.2023 12:14:00;36;192.168.1.164;0;Kalite Kontrol Form degeri kayit;5;;Kalite Kontrol
93093;30.05.2023 12:14:00;36;192.168.1.164;0;Kalite Kontrol Form degeri kayit;5;;Kalite Kontrol
93094;30.05.2023 12:14:00;36;192.168.1.164;0;Kalite Kontrol Form degeri kayit;5;;Kalite Kontrol
93095;30.05.2023 12:14:00;36;192.168.1.164;0;Kalite Kontrol Form degeri kayit;5;;Kalite Kontrol
93096;30.05.2023 12:14:00;36;192.168.1.164;0;Kalite Kontrol Form degeri kayit;5;;Kalite Kontrol
93097;30.05.2023 12:14:00;36;192.168.1.164;0;Kalite Kontrol Form degeri kayit;5;;Kalite Kontrol
93098;30.05.2023 12:14:00;36;192.168.1.164;0;Kalite Kontrol Form degeri kayit;5;;Kalite Kontrol
93099;30.05.2023 12:14:00;36;192.168.1.164;0;Kalite Kontrol Form degeri kayit;5;;Kalite Kontrol
93100;30.05.2023 12:14:00;36;192.168.1.164;0;Kalite Kontrol Form degeri kayit;5;;Kalite Kontrol
93101;30.05.2023 12:14:00;36;192.168.1.164;0;Kalite Kontrol Form degeri kayit;5;;Kalite Kontrol
93102;30.05.2023 12:14:00;36;192.168.1.164;0;Kalite Kontrol Form degeri kayit;5;;Kalite Kontrol
93103;30.05.2023 12:14:00;36;192.168.1.164;0;Kalite Kontrol Form degeri kayit;5;;Kalite Kontrol
93104;30.05.2023 12:14:00;36;192.168.1.164;0;Kalite Kontrol Form degeri kayit;5;;Kalite Kontrol
93105;30.05.2023 12:14:00;36;192.168.1.164;0;Kalite Kontrol Form degeri kayit;5;;Kalite Kontrol
93106;30.05.2023 12:14:00;36;192.168.1.164;0;Kalite Kontrol Form degeri kayit;5;;Kalite Kontrol
93107;30.05.2023 12:14:00;36;192.168.1.164;0;Kalite Kontrol Form degeri kayit;5;;Kalite Kontrol
93108;30.05.2023 12:14:00;36;192.168.1.164;0;Kalite Kontrol Form degeri kayit;5;;Kalite Kontrol
93109;30.05.2023 12:14:00;36;192.168.1.164;0;Kalite Kontrol Form degeri kayit;5;;Kalite Kontrol
93110;30.05.2023 12:14:00;36;192.168.1.164;0;Kalite Kontrol Form degeri kayit;5;;Kalite Kontrol
93111;30.05.2023 12:14:00;36;192.168.1.164;0;Kalite Kontrol Form degeri kayit;5;;Kalite Kontrol
93112;30.05.2023 12:14:00;36;192.168.1.164;0;Kalite Kontrol Form degeri kayit;5;;Kalite Kontrol
93113;30.05.2023 12:14:00;36;192.168.1.164;0;Kalite Kontrol Form degeri kayit;5;;Kalite Kontrol
93114;30.05.2023 12:14:00;36;192.168.1.164;0;Kalite Kontrol Form degeri kayit;5;;Kalite Kontrol
93115;30.05.2023 12:14:00;36;192.168.1.164;0;Kalite Kontrol Form degeri kayit;5;;Kalite Kontrol
93116;30.05.2023 12:14:00;36;192.168.1.164;0;Kalite Kontrol Form degeri kayit;5;;Kalite Kontrol
93117;30.05.2023 12:14:00;36;192.168.1.164;0;Kalite Kontrol Form degeri kayit;5;;Kalite Kontrol
93118;30.05.2023 12:14:00;36;192.168.1.164;0;Kalite Kontrol Form degeri kayit;5;;Kalite Kontrol
93119;30.05.2023 12:14:00;36;192.168.1.164;0;Kalite Kontrol Form degeri kayit;5;;Kalite Kontrol
93120;30.05.2023 12:14:00;36;192.168.1.164;0;Kalite Kontrol Form degeri kayit;5;;Kalite Kontrol
93121;30.05.2023 12:14:00;36;192.168.1.164;0;Kalite Kontrol Form degeri kayit;5;;Kalite Kontrol
93122;30.05.2023 12:14:00;36;192.168.1.164;0;Kalite Kontrol Form degeri kayit;5;;Kalite Kontrol
93123;30.05.2023 12:14:00;36;192.168.1.164;0;Kalite Kontrol Form degeri kayit;5;;Kalite Kontrol
93124;30.05.2023 12:14:00;36;192.168.1.164;0;Kalite Kontrol Form degeri kayit;5;;Kalite Kontrol
93125;30.05.2023 12:14:00;36;192.168.1.164;0;Kalite Kontrol Form degeri kayit;5;;Kalite Kontrol
93126;30.05.2023 12:14:00;36;192.168.1.164;0;Kalite Kontrol Form degeri kayit;5;;Kalite Kontrol
93127;30.05.2023 12:14:00;36;192.168.1.164;0;Kalite Kontrol Form degeri kayit;5;;Kalite Kontrol
93128;30.05.2023 12:14:00;36;192.168.1.164;0;Kalite Kontrol Form degeri kayit;5;;Kalite Kontrol
93129;30.05.2023 12:14:00;36;192.168.1.164;0;Kalite Kontrol Form degeri kayit;5;;Kalite Kontrol
93130;30.05.2023 12:14:00;36;192.168.1.164;0;Kalite Kontrol Form degeri kayit;5;;Kalite Kontrol
93131;30.05.2023 12:14:00;36;192.168.1.164;0;Kalite Kontrol Form degeri kayit;5;;Kalite Kontrol
93132;30.05.2023 12:14:00;36;192.168.1.164;0;Kalite Kontrol Form degeri kayit;5;;Kalite Kontrol
93133;30.05.2023 12:14:00;36;192.168.1.164;0;Kalite Kontrol Form degeri kayit;5;;Kalite Kontrol
93134;30.05.2023 12:14:00;0;192.168.1.250;0;Sifre Giris Ekrani;5;;
93135;30.05.2023 12:14:00;2;192.168.1.195;0;Yeni Reçete Adim Ekleme Ekrani Girisi;5;;Reçete
93136;30.05.2023 12:14:00;2;192.168.1.195;0;Yeni Reçete Adim Ekleme Ekrani Girisi;5;;Reçete
93137;30.05.2023 12:17:00;36;192.168.1.164;0;Kalite Kontrol Formu olusturma;5;;Kalite Kontrol
93138;30.05.2023 12:17:00;36;192.168.1.164;0;Kalite Kontrol Formu olusturma;5;;Kalite Kontrol
93139;30.05.2023 12:17:00;36;192.168.1.164;0;Kalite Kontrol Form degeri kayit;5;;Kalite Kontrol
93140;30.05.2023 12:17:00;36;192.168.1.164;0;Kalite Kontrol Form degeri kayit;5;;Kalite Kontrol
93141;30.05.2023 12:17:00;36;192.168.1.164;0;Kalite Kontrol Form degeri kayit;5;;Kalite Kontrol
93142;30.05.2023 12:17:00;36;192.168.1.164;0;Kalite Kontrol Form degeri kayit;5;;Kalite Kontrol
93143;30.05.2023 12:17:00;36;192.168.1.164;0;Kalite Kontrol Form degeri kayit;5;;Kalite Kontrol
93144;30.05.2023 12:17:00;36;192.168.1.164;0;Kalite Kontrol Form degeri kayit;5;;Kalite Kontrol
93145;30.05.2023 12:17:00;36;192.168.1.164;0;Kalite Kontrol Form degeri kayit;5;;Kalite Kontrol
93146;30.05.2023 12:17:00;36;192.168.1.164;0;Kalite Kontrol Form degeri kayit;5;;Kalite Kontrol
93147;30.05.2023 12:17:00;36;192.168.1.164;0;Kalite Kontrol Form degeri kayit;5;;Kalite Kontrol
93148;30.05.2023 12:17:00;36;192.168.1.164;0;Kalite Kontrol Form degeri kayit;5;;Kalite Kontrol
93149;30.05.2023 12:17:00;36;192.168.1.164;0;Kalite Kontrol Form degeri kayit;5;;Kalite Kontrol
93150;30.05.2023 12:17:00;36;192.168.1.164;0;Kalite Kontrol Form degeri kayit;5;;Kalite Kontrol
93151;30.05.2023 12:17:00;36;192.168.1.164;0;Kalite Kontrol Form degeri kayit;5;;Kalite Kontrol
93152;30.05.2023 12:17:00;36;192.168.1.164;0;Kalite Kontrol Form degeri kayit;5;;Kalite Kontrol
93153;30.05.2023 12:17:00;36;192.168.1.164;0;Kalite Kontrol Form degeri kayit;5;;Kalite Kontrol
93154;30.05.2023 12:17:00;36;192.168.1.164;0;Kalite Kontrol Form degeri kayit;5;;Kalite Kontrol
93155;30.05.2023 12:17:00;36;192.168.1.164;0;Kalite Kontrol Form degeri kayit;5;;Kalite Kontrol
93156;30.05.2023 12:17:00;36;192.168.1.164;0;Kalite Kontrol Form degeri kayit;5;;Kalite Kontrol
93157;30.05.2023 12:17:00;36;192.168.1.164;0;Kalite Kontrol Form degeri kayit;5;;Kalite Kontrol
93158;30.05.2023 12:17:00;36;192.168.1.164;0;Kalite Kontrol Form degeri kayit;5;;Kalite Kontrol
93159;30.05.2023 12:17:00;36;192.168.1.164;0;Kalite Kontrol Form degeri kayit;5;;Kalite Kontrol
93160;30.05.2023 12:17:00;36;192.168.1.164;0;Kalite Kontrol Form degeri kayit;5;;Kalite Kontrol
93161;30.05.2023 12:17:00;36;192.168.1.164;0;Kalite Kontrol Form degeri kayit;5;;Kalite Kontrol
93162;30.05.2023 12:17:00;36;192.168.1.164;0;Kalite Kontrol Form degeri kayit;5;;Kalite Kontrol
93163;30.05.2023 12:17:00;36;192.168.1.164;0;Kalite Kontrol Form degeri kayit;5;;Kalite Kontrol
93164;30.05.2023 12:17:00;36;192.168.1.164;0;Kalite Kontrol Form degeri kayit;5;;Kalite Kontrol
93165;30.05.2023 12:17:00;36;192.168.1.164;0;Kalite Kontrol Form degeri kayit;5;;Kalite Kontrol
93166;30.05.2023 12:17:00;36;192.168.1.164;0;Kalite Kontrol Form degeri kayit;5;;Kalite Kontrol
93167;30.05.2023 12:17:00;36;192.168.1.164;0;Kalite Kontrol Form degeri kayit;5;;Kalite Kontrol
93168;30.05.2023 12:17:00;36;192.168.1.164;0;Kalite Kontrol Form degeri kayit;5;;Kalite Kontrol
93169;30.05.2023 12:17:00;36;192.168.1.164;0;Kalite Kontrol Form degeri kayit;5;;Kalite Kontrol
93170;30.05.2023 12:17:00;36;192.168.1.164;0;Kalite Kontrol Form degeri kayit;5;;Kalite Kontrol
93171;30.05.2023 12:17:00;36;192.168.1.164;0;Kalite Kontrol Form degeri kayit;5;;Kalite Kontrol
93172;30.05.2023 12:17:00;36;192.168.1.164;0;Kalite Kontrol Form degeri kayit;5;;Kalite Kontrol
93173;30.05.2023 12:17:00;36;192.168.1.164;0;Kalite Kontrol Form degeri kayit;5;;Kalite Kontrol
93174;30.05.2023 12:17:00;36;192.168.1.164;0;Kalite Kontrol Form degeri kayit;5;;Kalite Kontrol
93175;30.05.2023 12:17:00;36;192.168.1.164;0;Kalite Kontrol Form degeri kayit;5;;Kalite Kontrol
93176;30.05.2023 12:17:00;36;192.168.1.164;0;Kalite Kontrol Form degeri kayit;5;;Kalite Kontrol
93177;30.05.2023 12:17:00;36;192.168.1.164;0;Kalite Kontrol Form degeri kayit;5;;Kalite Kontrol
93178;30.05.2023 12:17:00;36;192.168.1.164;0;Kalite Kontrol Form degeri kayit;5;;Kalite Kontrol
93179;30.05.2023 12:17:00;36;192.168.1.164;0;Kalite Kontrol Form degeri kayit;5;;Kalite Kontrol
93180;30.05.2023 12:17:00;36;192.168.1.164;0;Kalite Kontrol Form degeri kayit;5;;Kalite Kontrol
93181;30.05.2023 12:17:00;36;192.168.1.164;0;Kalite Kontrol Form degeri kayit;5;;Kalite Kontrol
93182;30.05.2023 12:17:00;36;192.168.1.164;0;Kalite Kontrol Form degeri kayit;5;;Kalite Kontrol
93183;30.05.2023 12:17:00;36;192.168.1.164;0;Kalite Kontrol Form degeri kayit;5;;Kalite Kontrol
93184;30.05.2023 12:18:00;36;192.168.1.164;0;Kalite Kontrol Form degeri kayit;5;;Kalite Kontrol
93185;30.05.2023 12:18:00;36;192.168.1.164;0;Kalite Kontrol Form degeri kayit;5;;Kalite Kontrol
93186;30.05.2023 12:18:00;36;192.168.1.164;0;Kalite Kontrol Form degeri kayit;5;;Kalite Kontrol
93187;30.05.2023 12:18:00;36;192.168.1.164;0;Kalite Kontrol Form degeri kayit;5;;Kalite Kontrol
93188;30.05.2023 12:18:00;36;192.168.1.164;0;Kalite Kontrol Form degeri kayit;5;;Kalite Kontrol
93189;30.05.2023 12:18:00;36;192.168.1.164;0;Kalite Kontrol Form degeri kayit;5;;Kalite Kontrol
93190;30.05.2023 12:18:00;36;192.168.1.164;0;Kalite Kontrol Form degeri kayit;5;;Kalite Kontrol
93191;30.05.2023 12:18:00;36;192.168.1.164;0;Kalite Kontrol Form degeri kayit;5;;Kalite Kontrol
93192;30.05.2023 12:18:00;36;192.168.1.164;0;Kalite Kontrol Form degeri kayit;5;;Kalite Kontrol
93193;30.05.2023 12:18:00;36;192.168.1.164;0;Kalite Kontrol Form degeri kayit;5;;Kalite Kontrol
93194;30.05.2023 12:18:00;36;192.168.1.164;0;Kalite Kontrol Form degeri kayit;5;;Kalite Kontrol
93195;30.05.2023 12:18:00;36;192.168.1.164;0;Kalite Kontrol Form degeri kayit;5;;Kalite Kontrol
93196;30.05.2023 12:18:00;36;192.168.1.164;0;Kalite Kontrol Form degeri kayit;5;;Kalite Kontrol
93197;30.05.2023 12:18:00;36;192.168.1.164;0;Kalite Kontrol Form degeri kayit;5;;Kalite Kontrol
93198;30.05.2023 12:18:00;36;192.168.1.164;0;Kalite Kontrol Form degeri kayit;5;;Kalite Kontrol
93199;30.05.2023 12:18:00;0;192.168.1.250;0;Sifre Giris Ekrani;5;;
93200;30.05.2023 12:18:00;36;192.168.1.164;0;Welcome Dashboard;5;;Dashboard
93201;30.05.2023 12:18:00;36;192.168.1.164;0;Kalite Kontrol Bekleyen Ürünler Ekrani;5;;Kalite Kontrol
93202;30.05.2023 12:18:00;36;192.168.1.164;0;Kalite kontrol formlari listendi;5;;Kalite Kontrol
93203;30.05.2023 12:24:00;36;192.168.1.164;0;Welcome Dashboard;5;;Dashboard
93204;30.05.2023 12:24:00;36;192.168.1.164;0;Kalite Kontrol Bekleyen Ürünler Ekrani;5;;Kalite Kontrol
93205;30.05.2023 12:24:00;36;192.168.1.164;0;Kalite kontrol formlari listendi;5;;Kalite Kontrol
93206;30.05.2023 12:24:00;36;192.168.1.164;0;Kalite Kontrol Formu olusturma;5;;Kalite Kontrol
93207;30.05.2023 12:48:00;27;192.168.1.138;0;Satinalma Temp Siparis Olusturma Ekrani;5;;Satin Alma
93208;30.05.2023 12:48:00;27;192.168.1.138;0;2068 carisine satin alma siparisi için 3021 kodlu ürün eklendi;5;;Satin Alma
93209;30.05.2023 12:48:00;27;192.168.1.138;0;Satinalma siparis ana tablo aktarimi;5;;Satin Alma
93210;30.05.2023 13:00:00;28;192.168.1.128;0;Stok Listesi Ekrani;5;;Stok
93211;30.05.2023 13:01:00;28;192.168.1.128;0;Mal Kabul Siparisleri Listelendi;5;;Satin Alma
93212;30.05.2023 13:01:00;28;192.168.1.128;0;Mal Kabul Ekrani Giris;5;;Lojistik
93213;30.05.2023 13:02:00;28;192.168.1.128;0;Mal Kabul Belge Kayit:DLF2023000000532;5;;Mal Kabul
93214;30.05.2023 13:07:00;36;192.168.1.164;0;Kalite kontrol formlari listendi;5;;Kalite Kontrol
93215;30.05.2023 13:07:00;36;192.168.1.164;0;Kalite Kontrol Bekleyen Ürünler Ekrani;5;;Kalite Kontrol
93216;30.05.2023 13:07:00;36;192.168.1.164;491;Stok girisi kalite kontrol onayi;5;;Kalite Kontrol
93217;30.05.2023 13:07:00;2;192.168.1.195;0;Welcome Dashboard;5;;Dashboard
93218;30.05.2023 13:07:00;2;192.168.1.195;0;Welcome Dashboard;5;;Dashboard
93219;30.05.2023 13:07:00;2;192.168.1.195;0;Reçeteler Listelendi;5;;Reçete
93220;30.05.2023 13:07:00;36;192.168.1.164;0;Kalite Kontrol ürün kabul: 491;5;;Kalite Kontrol
93221;30.05.2023 13:07:00;36;192.168.1.164;0;Kalite Kontrol Bekleyen Ürünler Ekrani;5;;Kalite Kontrol
93222;30.05.2023 13:07:00;36;192.168.1.164;0;Kalite kontrol formlari listendi;5;;Kalite Kontrol
93223;30.05.2023 13:08:00;36;192.168.1.164;0;Kalite Kontrol Formu olusturma;5;;Kalite Kontrol
93224;30.05.2023 13:09:00;36;192.168.1.164;0;Kalite Kontrol Formu olusturma;5;;Kalite Kontrol
93225;30.05.2023 13:09:00;36;192.168.1.164;0;Kalite Kontrol Form degeri kayit;5;;Kalite Kontrol
93226;30.05.2023 13:09:00;36;192.168.1.164;0;Kalite Kontrol Form degeri kayit;5;;Kalite Kontrol
93227;30.05.2023 13:09:00;36;192.168.1.164;0;Kalite Kontrol Form degeri kayit;5;;Kalite Kontrol
93228;30.05.2023 13:09:00;36;192.168.1.164;0;Kalite Kontrol Form degeri kayit;5;;Kalite Kontrol
93229;30.05.2023 13:09:00;36;192.168.1.164;0;Kalite Kontrol Form degeri kayit;5;;Kalite Kontrol
93230;30.05.2023 13:09:00;36;192.168.1.164;0;Kalite Kontrol Form degeri kayit;5;;Kalite Kontrol
93231;30.05.2023 13:09:00;36;192.168.1.164;0;Kalite Kontrol Form degeri kayit;5;;Kalite Kontrol
93232;30.05.2023 13:09:00;36;192.168.1.164;0;Kalite Kontrol Form degeri kayit;5;;Kalite Kontrol
93233;30.05.2023 13:09:00;36;192.168.1.164;0;Kalite Kontrol Form degeri kayit;5;;Kalite Kontrol
93234;30.05.2023 13:09:00;36;192.168.1.164;0;Kalite Kontrol Form degeri kayit;5;;Kalite Kontrol
93235;30.05.2023 13:09:00;36;192.168.1.164;0;Kalite Kontrol Form degeri kayit;5;;Kalite Kontrol
93236;30.05.2023 13:09:00;36;192.168.1.164;0;Kalite Kontrol Form degeri kayit;5;;Kalite Kontrol
93237;30.05.2023 13:09:00;36;192.168.1.164;0;Kalite Kontrol Form degeri kayit;5;;Kalite Kontrol
93238;30.05.2023 13:09:00;36;192.168.1.164;0;Kalite Kontrol Form degeri kayit;5;;Kalite Kontrol
93239;30.05.2023 13:09:00;36;192.168.1.164;0;Kalite Kontrol Form degeri kayit;5;;Kalite Kontrol
93240;30.05.2023 13:09:00;36;192.168.1.164;0;Kalite Kontrol Form degeri kayit;5;;Kalite Kontrol
93241;30.05.2023 13:09:00;36;192.168.1.164;0;Kalite Kontrol Form degeri kayit;5;;Kalite Kontrol
93242;30.05.2023 13:09:00;36;192.168.1.164;0;Kalite Kontrol Form degeri kayit;5;;Kalite Kontrol
93243;30.05.2023 13:09:00;36;192.168.1.164;0;Kalite Kontrol Form degeri kayit;5;;Kalite Kontrol
93244;30.05.2023 13:09:00;36;192.168.1.164;0;Kalite Kontrol Form degeri kayit;5;;Kalite Kontrol
93245;30.05.2023 13:09:00;36;192.168.1.164;0;Kalite Kontrol Form degeri kayit;5;;Kalite Kontrol
93246;30.05.2023 13:09:00;36;192.168.1.164;0;Kalite Kontrol Form degeri kayit;5;;Kalite Kontrol
93247;30.05.2023 13:09:00;36;192.168.1.164;0;Kalite Kontrol Form degeri kayit;5;;Kalite Kontrol
93248;30.05.2023 13:09:00;36;192.168.1.164;0;Kalite Kontrol Form degeri kayit;5;;Kalite Kontrol
93249;30.05.2023 13:09:00;36;192.168.1.164;0;Kalite Kontrol Form degeri kayit;5;;Kalite Kontrol
93250;30.05.2023 13:09:00;36;192.168.1.164;0;Kalite Kontrol Form degeri kayit;5;;Kalite Kontrol
93251;30.05.2023 13:09:00;36;192.168.1.164;0;Kalite Kontrol Form degeri kayit;5;;Kalite Kontrol
93252;30.05.2023 13:09:00;36;192.168.1.164;0;Kalite Kontrol Form degeri kayit;5;;Kalite Kontrol
93253;30.05.2023 13:09:00;36;192.168.1.164;0;Kalite Kontrol Form degeri kayit;5;;Kalite Kontrol
93254;30.05.2023 13:09:00;36;192.168.1.164;0;Kalite Kontrol Form degeri kayit;5;;Kalite Kontrol
93255;30.05.2023 13:09:00;36;192.168.1.164;0;Kalite Kontrol Form degeri kayit;5;;Kalite Kontrol
93256;30.05.2023 13:09:00;36;192.168.1.164;0;Kalite Kontrol Form degeri kayit;5;;Kalite Kontrol
93257;30.05.2023 13:09:00;2;192.168.1.195;4250;Reçete Adimlari Listelendi : ANGIOGRAPHY PACK SAV-17MG;5;;Reçete
93258;30.05.2023 13:09:00;36;192.168.1.164;0;Kalite Kontrol Form degeri kayit;5;;Kalite Kontrol
93259;30.05.2023 13:09:00;36;192.168.1.164;0;Kalite Kontrol Form degeri kayit;5;;Kalite Kontrol
93260;30.05.2023 13:09:00;36;192.168.1.164;0;Kalite Kontrol Form degeri kayit;5;;Kalite Kontrol
93261;30.05.2023 13:09:00;36;192.168.1.164;0;Kalite Kontrol Form degeri kayit;5;;Kalite Kontrol
93262;30.05.2023 13:09:00;36;192.168.1.164;0;Kalite Kontrol Form degeri kayit;5;;Kalite Kontrol
93263;30.05.2023 13:09:00;36;192.168.1.164;0;Kalite Kontrol Form degeri kayit;5;;Kalite Kontrol
93264;30.05.2023 13:09:00;2;192.168.1.195;0;Yeni Reçete Adim Ekleme Ekrani Girisi;5;;Reçete
93265;30.05.2023 13:09:00;36;192.168.1.164;0;Kalite Kontrol Form degeri kayit;5;;Kalite Kontrol
93266;30.05.2023 13:09:00;36;192.168.1.164;0;Kalite Kontrol Form degeri kayit;5;;Kalite Kontrol
93267;30.05.2023 13:09:00;36;192.168.1.164;0;Kalite Kontrol Form degeri kayit;5;;Kalite Kontrol
93268;30.05.2023 13:09:00;36;192.168.1.164;0;Kalite Kontrol Form degeri kayit;5;;Kalite Kontrol
93269;30.05.2023 13:09:00;36;192.168.1.164;0;Kalite Kontrol Form degeri kayit;5;;Kalite Kontrol
93270;30.05.2023 13:09:00;36;192.168.1.164;0;Kalite Kontrol Form degeri kayit;5;;Kalite Kontrol
93271;30.05.2023 13:09:00;36;192.168.1.164;0;Kalite Kontrol Form degeri kayit;5;;Kalite Kontrol
93272;30.05.2023 13:09:00;36;192.168.1.164;0;Kalite Kontrol Form degeri kayit;5;;Kalite Kontrol
93273;30.05.2023 13:09:00;36;192.168.1.164;0;Kalite Kontrol Form degeri kayit;5;;Kalite Kontrol
93274;30.05.2023 13:09:00;36;192.168.1.164;0;Kalite Kontrol Form degeri kayit;5;;Kalite Kontrol
93275;30.05.2023 13:09:00;36;192.168.1.164;0;Kalite Kontrol Form degeri kayit;5;;Kalite Kontrol
93276;30.05.2023 13:09:00;36;192.168.1.164;0;Kalite Kontrol Form degeri kayit;5;;Kalite Kontrol
93277;30.05.2023 13:09:00;36;192.168.1.164;0;Kalite Kontrol Form degeri kayit;5;;Kalite Kontrol
93278;30.05.2023 13:09:00;36;192.168.1.164;0;Kalite Kontrol Form degeri kayit;5;;Kalite Kontrol
93279;30.05.2023 13:09:00;36;192.168.1.164;0;Kalite Kontrol Form degeri kayit;5;;Kalite Kontrol
93280;30.05.2023 13:09:00;36;192.168.1.164;0;Kalite Kontrol Form degeri kayit;5;;Kalite Kontrol
93281;30.05.2023 13:09:00;36;192.168.1.164;0;Kalite Kontrol Form degeri kayit;5;;Kalite Kontrol
93282;30.05.2023 13:09:00;36;192.168.1.164;0;Kalite Kontrol Form degeri kayit;5;;Kalite Kontrol
93283;30.05.2023 13:09:00;36;192.168.1.164;0;Kalite Kontrol Form degeri kayit;5;;Kalite Kontrol
93284;30.05.2023 13:09:00;36;192.168.1.164;0;Kalite Kontrol Form degeri kayit;5;;Kalite Kontrol
93285;30.05.2023 13:09:00;36;192.168.1.164;0;Kalite Kontrol Form degeri kayit;5;;Kalite Kontrol
93286;30.05.2023 13:09:00;2;192.168.1.195;0;Yeni Reçete Adim Ekleme Ekrani Girisi;5;;Reçete
93287;30.05.2023 13:09:00;36;192.168.1.164;0;Kalite Kontrol Form degeri kayit;5;;Kalite Kontrol
93288;30.05.2023 13:09:00;36;192.168.1.164;0;Kalite Kontrol Form degeri kayit;5;;Kalite Kontrol
93289;30.05.2023 13:10:00;36;192.168.1.164;0;Kalite Kontrol Form degeri kayit;5;;Kalite Kontrol
93290;30.05.2023 13:10:00;36;192.168.1.164;0;Kalite Kontrol Form degeri kayit;5;;Kalite Kontrol
93291;30.05.2023 13:10:00;0;192.168.1.250;0;Sifre Giris Ekrani;5;;
93292;30.05.2023 13:10:00;36;192.168.1.164;0;Welcome Dashboard;5;;Dashboard
93293;30.05.2023 13:10:00;36;192.168.1.164;0;Kalite Kontrol Bekleyen Ürünler Ekrani;5;;Kalite Kontrol
93294;30.05.2023 13:10:00;36;192.168.1.164;0;Kalite kontrol formlari listendi;5;;Kalite Kontrol
93295;30.05.2023 13:11:00;2;192.168.1.195;0;Yeni Reçete Ekleme veya Güncelleme: ;5;;Reçete
93296;30.05.2023 13:11:00;2;192.168.1.195;0;Yeni Reçete Adimi Ekleniyor;5;;Reçete
93297;30.05.2023 13:11:00;2;192.168.1.195;0;Reçete adimi sirasi degistirildi;5;;Reçete
93298;30.05.2023 13:11:00;2;192.168.1.195;4250;Reçete Adimlari Listelendi : ANGIOGRAPHY PACK SAV-17MG;5;;Reçete
93299;30.05.2023 13:11:00;2;192.168.1.195;0;Yeni Reçete Adim Ekleme Ekrani Girisi;5;;Reçete
93300;30.05.2023 13:11:00;2;192.168.1.195;0;Yeni Reçete Adim Ekleme Ekrani Girisi;5;;Reçete
93301;30.05.2023 13:16:00;2;192.168.1.195;0;Yeni Reçete Ekleme veya Güncelleme: ;5;;Reçete
93302;30.05.2023 13:16:00;2;192.168.1.195;0;Yeni Reçete Adimi Ekleniyor;5;;Reçete
93303;30.05.2023 13:16:00;2;192.168.1.195;0;Reçete adimi sirasi degistirildi;5;;Reçete
93304;30.05.2023 13:16:00;2;192.168.1.195;4250;Reçete Adimlari Listelendi : ANGIOGRAPHY PACK SAV-17MG;5;;Reçete
93305;30.05.2023 13:17:00;2;192.168.1.195;0;Yeni Reçete Adim Ekleme Ekrani Girisi;5;;Reçete
93306;30.05.2023 13:17:00;2;192.168.1.195;0;Yeni Reçete Adim Ekleme Ekrani Girisi;5;;Reçete
93307;30.05.2023 13:18:00;2;192.168.1.195;0;Yeni Reçete Ekleme veya Güncelleme: ;5;;Reçete
93308;30.05.2023 13:18:00;2;192.168.1.195;0;Yeni Reçete Adimi Ekleniyor;5;;Reçete
93309;30.05.2023 13:18:00;2;192.168.1.195;0;Reçete adimi sirasi degistirildi;5;;Reçete
93310;30.05.2023 13:18:00;2;192.168.1.195;4250;Reçete Adimlari Listelendi : ANGIOGRAPHY PACK SAV-17MG;5;;Reçete
93311;30.05.2023 13:18:00;2;192.168.1.195;0;Yeni Reçete Adim Ekleme Ekrani Girisi;5;;Reçete
93312;30.05.2023 13:18:00;2;192.168.1.195;0;Yeni Reçete Adim Ekleme Ekrani Girisi;5;;Reçete
93313;30.05.2023 13:19:00;2;192.168.1.195;0;Yeni Reçete Ekleme veya Güncelleme: ;5;;Reçete
93314;30.05.2023 13:19:00;2;192.168.1.195;0;Yeni Reçete Adimi Ekleniyor;5;;Reçete
93315;30.05.2023 13:19:00;2;192.168.1.195;0;Reçete adimi sirasi degistirildi;5;;Reçete
93316;30.05.2023 13:19:00;2;192.168.1.195;4250;Reçete Adimlari Listelendi : ANGIOGRAPHY PACK SAV-17MG;5;;Reçete
93317;30.05.2023 13:19:00;2;192.168.1.195;0;Yeni Reçete Adim Ekleme Ekrani Girisi;5;;Reçete
93318;30.05.2023 13:19:00;2;192.168.1.195;0;Yeni Reçete Adim Ekleme Ekrani Girisi;5;;Reçete
93319;30.05.2023 13:19:00;2;192.168.1.195;0;Yeni Reçete Adim Ekleme Ekrani Girisi;5;;Reçete
93320;30.05.2023 13:20:00;2;192.168.1.195;0;Yeni Reçete Adim Ekleme Ekrani Girisi;5;;Reçete
93321;30.05.2023 13:20:00;2;192.168.1.195;0;Yeni Reçete Adim Ekleme Ekrani Girisi;5;;Reçete
93322;30.05.2023 13:20:00;2;192.168.1.195;0;Yeni Reçete Ekleme veya Güncelleme: ;5;;Reçete
93323;30.05.2023 13:20:00;2;192.168.1.195;0;Yeni Reçete Adimi Ekleniyor;5;;Reçete
93324;30.05.2023 13:20:00;2;192.168.1.195;0;Reçete adimi sirasi degistirildi;5;;Reçete
93325;30.05.2023 13:20:00;2;192.168.1.195;4250;Reçete Adimlari Listelendi : ANGIOGRAPHY PACK SAV-17MG;5;;Reçete
93326;30.05.2023 13:20:00;2;192.168.1.195;0;Yeni Reçete Adim Ekleme Ekrani Girisi;5;;Reçete
93327;30.05.2023 13:20:00;2;192.168.1.195;0;Yeni Reçete Adim Ekleme Ekrani Girisi;5;;Reçete
93328;30.05.2023 13:20:00;2;192.168.1.195;0;Yeni Reçete Adim Ekleme Ekrani Girisi;5;;Reçete
93329;30.05.2023 13:21:00;2;192.168.1.195;0;Yeni Reçete Ekleme veya Güncelleme: ;5;;Reçete
93330;30.05.2023 13:21:00;2;192.168.1.195;0;Yeni Reçete Adimi Ekleniyor;5;;Reçete
93331;30.05.2023 13:21:00;2;192.168.1.195;0;Reçete adimi sirasi degistirildi;5;;Reçete
93332;30.05.2023 13:21:00;2;192.168.1.195;4250;Reçete Adimlari Listelendi : ANGIOGRAPHY PACK SAV-17MG;5;;Reçete
93333;30.05.2023 13:21:00;2;192.168.1.195;0;Yeni Reçete Adim Ekleme Ekrani Girisi;5;;Reçete
93334;30.05.2023 13:21:00;2;192.168.1.195;0;Yeni Reçete Adim Ekleme Ekrani Girisi;5;;Reçete
93335;30.05.2023 13:21:00;2;192.168.1.195;0;Yeni Reçete Adim Ekleme Ekrani Girisi;5;;Reçete
93336;30.05.2023 13:21:00;2;192.168.1.195;0;Yeni Reçete Ekleme veya Güncelleme: ;5;;Reçete
93337;30.05.2023 13:21:00;2;192.168.1.195;0;Yeni Reçete Adimi Ekleniyor;5;;Reçete
93338;30.05.2023 13:21:00;2;192.168.1.195;0;Reçete adimi sirasi degistirildi;5;;Reçete
93339;30.05.2023 13:21:00;2;192.168.1.195;4250;Reçete Adimlari Listelendi : ANGIOGRAPHY PACK SAV-17MG;5;;Reçete
93340;30.05.2023 13:21:00;2;192.168.1.195;0;Yeni Reçete Adim Ekleme Ekrani Girisi;5;;Reçete
93341;30.05.2023 13:21:00;2;192.168.1.195;0;Yeni Reçete Adim Ekleme Ekrani Girisi;5;;Reçete
93342;30.05.2023 13:22:00;2;192.168.1.195;0;Yeni Reçete Adim Ekleme Ekrani Girisi;5;;Reçete
93343;30.05.2023 13:22:00;2;192.168.1.195;0;Yeni Reçete Ekleme veya Güncelleme: ;5;;Reçete
93344;30.05.2023 13:22:00;2;192.168.1.195;0;Yeni Reçete Adimi Ekleniyor;5;;Reçete
93345;30.05.2023 13:22:00;2;192.168.1.195;0;Reçete adimi sirasi degistirildi;5;;Reçete
93346;30.05.2023 13:22:00;2;192.168.1.195;4250;Reçete Adimlari Listelendi : ANGIOGRAPHY PACK SAV-17MG;5;;Reçete
93347;30.05.2023 13:22:00;2;192.168.1.195;0;Yeni Reçete Adim Ekleme Ekrani Girisi;5;;Reçete
93348;30.05.2023 13:22:00;2;192.168.1.195;0;Yeni Reçete Adim Ekleme Ekrani Girisi;5;;Reçete
93349;30.05.2023 13:22:00;2;192.168.1.195;0;Yeni Reçete Adim Ekleme Ekrani Girisi;5;;Reçete
93350;30.05.2023 13:22:00;2;192.168.1.195;0;Yeni Reçete Ekleme veya Güncelleme: ;5;;Reçete
93351;30.05.2023 13:22:00;2;192.168.1.195;0;Yeni Reçete Adimi Ekleniyor;5;;Reçete
93352;30.05.2023 13:22:00;2;192.168.1.195;0;Reçete adimi sirasi degistirildi;5;;Reçete
93353;30.05.2023 13:22:00;2;192.168.1.195;4250;Reçete Adimlari Listelendi : ANGIOGRAPHY PACK SAV-17MG;5;;Reçete
93354;30.05.2023 13:22:00;2;192.168.1.195;0;Yeni Reçete Adim Ekleme Ekrani Girisi;5;;Reçete
93355;30.05.2023 13:25:00;2;192.168.1.195;0;Yeni Reçete Adim Ekleme Ekrani Girisi;5;;Reçete
93356;30.05.2023 13:25:00;2;192.168.1.195;0;Yeni Reçete Adim Ekleme Ekrani Girisi;5;;Reçete
93357;30.05.2023 13:26:00;2;192.168.1.195;0;Yeni Reçete Ekleme veya Güncelleme: ;5;;Reçete
93358;30.05.2023 13:26:00;2;192.168.1.195;0;Yeni Reçete Adimi Ekleniyor;5;;Reçete
93359;30.05.2023 13:26:00;2;192.168.1.195;0;Reçete adimi sirasi degistirildi;5;;Reçete
93360;30.05.2023 13:26:00;2;192.168.1.195;4250;Reçete Adimlari Listelendi : ANGIOGRAPHY PACK SAV-17MG;5;;Reçete
93361;30.05.2023 13:26:00;27;192.168.1.138;0;Welcome Dashboard;5;;Dashboard
93362;30.05.2023 13:26:00;27;192.168.1.138;0;Mal Kabul Siparisleri Listelendi;5;;Satin Alma
93363;30.05.2023 13:26:00;27;192.168.1.138;0;Mal Kabul Siparisleri Listelendi;5;;Satin Alma
93364;30.05.2023 13:26:00;2;192.168.1.195;0;Reçete adimi sirasi degistirildi;5;;Reçete
93365;30.05.2023 13:26:00;2;192.168.1.195;4250;Reçete Adimlari Listelendi : ANGIOGRAPHY PACK SAV-17MG;5;;Reçete
93366;30.05.2023 13:26:00;2;192.168.1.195;0;Reçete adimi sirasi degistirildi;5;;Reçete
93367;30.05.2023 13:26:00;2;192.168.1.195;4250;Reçete Adimlari Listelendi : ANGIOGRAPHY PACK SAV-17MG;5;;Reçete
93368;30.05.2023 13:26:00;2;192.168.1.195;0;Reçete adimi sirasi degistirildi;5;;Reçete
93369;30.05.2023 13:26:00;2;192.168.1.195;4250;Reçete Adimlari Listelendi : ANGIOGRAPHY PACK SAV-17MG;5;;Reçete
93370;30.05.2023 13:26:00;2;192.168.1.195;0;Reçete adimi sirasi degistirildi;5;;Reçete
93371;30.05.2023 13:26:00;2;192.168.1.195;4250;Reçete Adimlari Listelendi : ANGIOGRAPHY PACK SAV-17MG;5;;Reçete
93372;30.05.2023 13:26:00;27;192.168.1.138;0;Mal Kabul Siparisleri Listelendi;5;;Satin Alma
93373;30.05.2023 13:26:00;27;192.168.1.138;0;Mal Kabul Siparisleri Listelendi;5;;Satin Alma
93374;30.05.2023 13:26:00;27;192.168.1.138;0;Mal Kabul Siparisleri Listelendi;5;;Satin Alma
93375;30.05.2023 13:26:00;2;192.168.1.195;0;Reçete adimi sirasi degistirildi;5;;Reçete
93376;30.05.2023 13:26:00;2;192.168.1.195;4250;Reçete Adimlari Listelendi : ANGIOGRAPHY PACK SAV-17MG;5;;Reçete
93377;30.05.2023 13:26:00;2;192.168.1.195;0;Reçete adimi sirasi degistirildi;5;;Reçete
93378;30.05.2023 13:26:00;2;192.168.1.195;4250;Reçete Adimlari Listelendi : ANGIOGRAPHY PACK SAV-17MG;5;;Reçete
93379;30.05.2023 13:26:00;2;192.168.1.195;0;Reçete adimi sirasi degistirildi;5;;Reçete
93380;30.05.2023 13:26:00;2;192.168.1.195;4250;Reçete Adimlari Listelendi : ANGIOGRAPHY PACK SAV-17MG;5;;Reçete
93381;30.05.2023 13:26:00;2;192.168.1.195;0;Reçete adimi sirasi degistirildi;5;;Reçete
93382;30.05.2023 13:26:00;2;192.168.1.195;4250;Reçete Adimlari Listelendi : ANGIOGRAPHY PACK SAV-17MG;5;;Reçete
93383;30.05.2023 13:26:00;2;192.168.1.195;0;Reçete adimi sirasi degistirildi;5;;Reçete
93384;30.05.2023 13:26:00;2;192.168.1.195;4250;Reçete Adimlari Listelendi : ANGIOGRAPHY PACK SAV-17MG;5;;Reçete
93385;30.05.2023 13:26:00;2;192.168.1.195;0;Reçete adimi sirasi degistirildi;5;;Reçete
93386;30.05.2023 13:26:00;2;192.168.1.195;4250;Reçete Adimlari Listelendi : ANGIOGRAPHY PACK SAV-17MG;5;;Reçete
93387;30.05.2023 13:26:00;2;192.168.1.195;0;Reçete adimi sirasi degistirildi;5;;Reçete
93388;30.05.2023 13:26:00;2;192.168.1.195;4250;Reçete Adimlari Listelendi : ANGIOGRAPHY PACK SAV-17MG;5;;Reçete
93389;30.05.2023 13:26:00;27;192.168.1.138;0;SIP2023_00094 numarali sipariste 2510 id kalem bakiye kapatildi.;5;;Satin Alma
93390;30.05.2023 13:26:00;27;192.168.1.138;0;Mal Kabul Siparisleri Listelendi;5;;Satin Alma
93391;30.05.2023 13:26:00;2;192.168.1.195;0;Reçete adimi sirasi degistirildi;5;;Reçete
93392;30.05.2023 13:26:00;2;192.168.1.195;4250;Reçete Adimlari Listelendi : ANGIOGRAPHY PACK SAV-17MG;5;;Reçete
93393;30.05.2023 13:26:00;2;192.168.1.195;0;Reçete adimi sirasi degistirildi;5;;Reçete
93394;30.05.2023 13:26:00;2;192.168.1.195;4250;Reçete Adimlari Listelendi : ANGIOGRAPHY PACK SAV-17MG;5;;Reçete
93395;30.05.2023 13:27:00;2;192.168.1.195;0;Reçete adimi sirasi degistirildi;5;;Reçete
93396;30.05.2023 13:27:00;2;192.168.1.195;4250;Reçete Adimlari Listelendi : ANGIOGRAPHY PACK SAV-17MG;5;;Reçete
93397;30.05.2023 13:27:00;27;192.168.1.138;0;SIP2023_00093 numarali sipariste 2509 id kalem bakiye kapatildi.;5;;Satin Alma
93398;30.05.2023 13:27:00;27;192.168.1.138;0;Mal Kabul Siparisleri Listelendi;5;;Satin Alma
93399;30.05.2023 13:27:00;27;192.168.1.138;0;SIP2023_00095 numarali sipariste 2511 id kalem bakiye kapatildi.;5;;Satin Alma
93400;30.05.2023 13:27:00;27;192.168.1.138;0;Mal Kabul Siparisleri Listelendi;5;;Satin Alma
93401;30.05.2023 13:28:00;2;192.168.1.195;0;Reçete adimi sirasi degistirildi;5;;Reçete
93402;30.05.2023 13:28:00;2;192.168.1.195;4250;Reçete Adimlari Listelendi : ANGIOGRAPHY PACK SAV-17MG;5;;Reçete
93403;30.05.2023 13:28:00;2;192.168.1.195;0;Reçete adimi sirasi degistirildi;5;;Reçete
93404;30.05.2023 13:28:00;2;192.168.1.195;4250;Reçete Adimlari Listelendi : ANGIOGRAPHY PACK SAV-17MG;5;;Reçete
93405;30.05.2023 13:28:00;2;192.168.1.195;0;Reçete adimi sirasi degistirildi;5;;Reçete
93406;30.05.2023 13:28:00;2;192.168.1.195;4250;Reçete Adimlari Listelendi : ANGIOGRAPHY PACK SAV-17MG;5;;Reçete
93407;30.05.2023 13:28:00;2;192.168.1.195;0;Reçete adimi sirasi degistirildi;5;;Reçete
93408;30.05.2023 13:28:00;2;192.168.1.195;4250;Reçete Adimlari Listelendi : ANGIOGRAPHY PACK SAV-17MG;5;;Reçete
93409;30.05.2023 13:28:00;2;192.168.1.195;0;Reçete adimi sirasi degistirildi;5;;Reçete
93410;30.05.2023 13:28:00;2;192.168.1.195;4250;Reçete Adimlari Listelendi : ANGIOGRAPHY PACK SAV-17MG;5;;Reçete
93411;30.05.2023 13:28:00;2;192.168.1.195;0;Reçete adimi sirasi degistirildi;5;;Reçete
93412;30.05.2023 13:28:00;2;192.168.1.195;4250;Reçete Adimlari Listelendi : ANGIOGRAPHY PACK SAV-17MG;5;;Reçete
93413;30.05.2023 13:28:00;2;192.168.1.195;0;Reçete adimi sirasi degistirildi;5;;Reçete
93414;30.05.2023 13:28:00;2;192.168.1.195;4250;Reçete Adimlari Listelendi : ANGIOGRAPHY PACK SAV-17MG;5;;Reçete
93415;30.05.2023 13:29:00;2;192.168.1.195;0;Reçete adimi sirasi degistirildi;5;;Reçete
93416;30.05.2023 13:29:00;2;192.168.1.195;4250;Reçete Adimlari Listelendi : ANGIOGRAPHY PACK SAV-17MG;5;;Reçete
93417;30.05.2023 13:29:00;2;192.168.1.195;0;Reçete adimi sirasi degistirildi;5;;Reçete
93418;30.05.2023 13:29:00;2;192.168.1.195;4250;Reçete Adimlari Listelendi : ANGIOGRAPHY PACK SAV-17MG;5;;Reçete
93419;30.05.2023 13:29:00;2;192.168.1.195;0;Reçete adimi sirasi degistirildi;5;;Reçete
93420;30.05.2023 13:29:00;2;192.168.1.195;4250;Reçete Adimlari Listelendi : ANGIOGRAPHY PACK SAV-17MG;5;;Reçete
93421;30.05.2023 13:30:00;2;192.168.1.195;0;Reçete adimi sirasi degistirildi;5;;Reçete
93422;30.05.2023 13:30:00;2;192.168.1.195;4250;Reçete Adimlari Listelendi : ANGIOGRAPHY PACK SAV-17MG;5;;Reçete
93423;30.05.2023 13:30:00;2;192.168.1.195;0;Reçete adimi sirasi degistirildi;5;;Reçete
93424;30.05.2023 13:30:00;2;192.168.1.195;4250;Reçete Adimlari Listelendi : ANGIOGRAPHY PACK SAV-17MG;5;;Reçete
93425;30.05.2023 13:30:00;2;192.168.1.195;0;Reçete adimi sirasi degistirildi;5;;Reçete
93426;30.05.2023 13:30:00;2;192.168.1.195;4250;Reçete Adimlari Listelendi : ANGIOGRAPHY PACK SAV-17MG;5;;Reçete
93427;30.05.2023 13:30:00;2;192.168.1.195;0;Reçete adimi sirasi degistirildi;5;;Reçete
93428;30.05.2023 13:30:00;2;192.168.1.195;4250;Reçete Adimlari Listelendi : ANGIOGRAPHY PACK SAV-17MG;5;;Reçete
93429;30.05.2023 13:30:00;2;192.168.1.195;0;Reçete adimi sirasi degistirildi;5;;Reçete
93430;30.05.2023 13:30:00;2;192.168.1.195;4250;Reçete Adimlari Listelendi : ANGIOGRAPHY PACK SAV-17MG;5;;Reçete
93431;30.05.2023 13:30:00;2;192.168.1.195;0;Reçete adimi sirasi degistirildi;5;;Reçete
93432;30.05.2023 13:30:00;2;192.168.1.195;4250;Reçete Adimlari Listelendi : ANGIOGRAPHY PACK SAV-17MG;5;;Reçete
93433;30.05.2023 13:30:00;2;192.168.1.195;0;Reçete adimi sirasi degistirildi;5;;Reçete
93434;30.05.2023 13:30:00;2;192.168.1.195;4250;Reçete Adimlari Listelendi : ANGIOGRAPHY PACK SAV-17MG;5;;Reçete
93435;30.05.2023 13:30:00;2;192.168.1.195;0;Reçete adimi sirasi degistirildi;5;;Reçete
93436;30.05.2023 13:30:00;2;192.168.1.195;4250;Reçete Adimlari Listelendi : ANGIOGRAPHY PACK SAV-17MG;5;;Reçete
93437;30.05.2023 13:32:00;2;192.168.1.195;0;Reçete adimi sirasi degistirildi;5;;Reçete
93438;30.05.2023 13:32:00;2;192.168.1.195;4250;Reçete Adimlari Listelendi : ANGIOGRAPHY PACK SAV-17MG;5;;Reçete
93439;30.05.2023 13:32:00;2;192.168.1.195;0;Reçete adimi sirasi degistirildi;5;;Reçete
93440;30.05.2023 13:32:00;2;192.168.1.195;4250;Reçete Adimlari Listelendi : ANGIOGRAPHY PACK SAV-17MG;5;;Reçete
93441;30.05.2023 13:32:00;2;192.168.1.195;0;Reçete adimi sirasi degistirildi;5;;Reçete
93442;30.05.2023 13:32:00;2;192.168.1.195;4250;Reçete Adimlari Listelendi : ANGIOGRAPHY PACK SAV-17MG;5;;Reçete
93443;30.05.2023 13:32:00;2;192.168.1.195;0;Reçete adimi sirasi degistirildi;5;;Reçete
93444;30.05.2023 13:32:00;2;192.168.1.195;4250;Reçete Adimlari Listelendi : ANGIOGRAPHY PACK SAV-17MG;5;;Reçete
93445;30.05.2023 13:33:00;2;192.168.1.195;0;Yeni Reçete Adim Ekleme Ekrani Girisi;5;;Reçete
93446;30.05.2023 13:33:00;2;192.168.1.195;0;Yeni Reçete Adim Ekleme Ekrani Girisi;5;;Reçete
93447;30.05.2023 13:33:00;2;192.168.1.195;0;Yeni Reçete Adim Ekleme Ekrani Girisi;5;;Reçete
93448;30.05.2023 13:33:00;2;192.168.1.195;0;Yeni Reçete Ekleme veya Güncelleme: ;5;;Reçete
93449;30.05.2023 13:33:00;2;192.168.1.195;0;Yeni Reçete Adimi Ekleniyor;5;;Reçete
93450;30.05.2023 13:33:00;2;192.168.1.195;0;Reçete adimi sirasi degistirildi;5;;Reçete
93451;30.05.2023 13:33:00;2;192.168.1.195;4250;Reçete Adimlari Listelendi : ANGIOGRAPHY PACK SAV-17MG;5;;Reçete
93452;30.05.2023 13:33:00;2;192.168.1.195;0;Reçete adimi sirasi degistirildi;5;;Reçete
93453;30.05.2023 13:33:00;2;192.168.1.195;4250;Reçete Adimlari Listelendi : ANGIOGRAPHY PACK SAV-17MG;5;;Reçete
93454;30.05.2023 13:33:00;2;192.168.1.195;0;Yeni Reçete Adim Ekleme Ekrani Girisi;5;;Reçete
93455;30.05.2023 13:33:00;2;192.168.1.195;0;Yeni Reçete Adim Ekleme Ekrani Girisi;5;;Reçete
93456;30.05.2023 13:34:00;2;192.168.1.195;0;Yeni Reçete Adim Ekleme Ekrani Girisi;5;;Reçete
93457;30.05.2023 13:34:00;28;192.168.1.128;0;Stok Listesi Ekrani;5;;Stok
93458;30.05.2023 13:34:00;28;192.168.1.128;0;Stok Listesi Ekrani;5;;Stok
93459;30.05.2023 13:34:00;28;192.168.1.128;0;Stok Listesi Ekrani;5;;Stok
93460;30.05.2023 13:34:00;28;192.168.1.128;3033;Stok Depo Miktarlari Detay;5;;stok
93461;30.05.2023 13:34:00;28;192.168.1.128;83;Stok Depo Miktarlari Detay;5;;stok
93462;30.05.2023 13:34:00;28;192.168.1.128;84;Stok Depo Miktarlari Detay;5;;stok
93463;30.05.2023 13:34:00;28;192.168.1.128;274;Stok Depo Miktarlari Detay;5;;stok
93464;30.05.2023 13:34:00;28;192.168.1.128;3033;Stok Depo Miktarlari Detay;5;;stok
93465;30.05.2023 13:35:00;28;192.168.1.128;83;Stok Depo Miktarlari Detay;5;;stok
93466;30.05.2023 13:35:00;28;192.168.1.128;84;Stok Depo Miktarlari Detay;5;;stok
93467;30.05.2023 13:35:00;28;192.168.1.128;274;Stok Depo Miktarlari Detay;5;;stok
93468;30.05.2023 13:35:00;28;192.168.1.128;303;Stok Depo Miktarlari Detay;5;;stok
93469;30.05.2023 13:35:00;28;192.168.1.128;315;Stok Depo Miktarlari Detay;5;;stok
93470;30.05.2023 13:35:00;28;192.168.1.128;737;Stok Depo Miktarlari Detay;5;;stok
93471;30.05.2023 13:35:00;28;192.168.1.128;0;Stok Listesi Ekrani;5;;Stok
93472;30.05.2023 13:35:00;28;192.168.1.128;1954;Stok Düzenleme Ekrani Girisi;5;;Stok
93473;30.05.2023 13:35:00;28;192.168.1.128;0;Stok Miktari Güncelleme. ISLEM: miktarGir MIKTAR: 2174;5;;
93474;30.05.2023 13:35:00;28;192.168.1.128;1954;Stok Düzenleme Ekrani Girisi;5;;Stok
93475;30.05.2023 13:35:00;28;192.168.1.128;0;Stok Listesi Ekrani;5;;Stok
93476;30.05.2023 13:37:00;2;192.168.1.195;0;Yeni Reçete Ekleme veya Güncelleme: ;5;;Reçete
93477;30.05.2023 13:37:00;2;192.168.1.195;0;Yeni Reçete Adimi Ekleniyor;5;;Reçete
93478;30.05.2023 13:37:00;2;192.168.1.195;0;Reçete adimi sirasi degistirildi;5;;Reçete
93479;30.05.2023 13:37:00;2;192.168.1.195;4250;Reçete Adimlari Listelendi : ANGIOGRAPHY PACK SAV-17MG;5;;Reçete
93480;30.05.2023 13:37:00;2;192.168.1.195;0;Reçete adimi sirasi degistirildi;5;;Reçete
93481;30.05.2023 13:37:00;2;192.168.1.195;4250;Reçete Adimlari Listelendi : ANGIOGRAPHY PACK SAV-17MG;5;;Reçete
93482;30.05.2023 13:37:00;2;192.168.1.195;0;Yeni Reçete Adim Ekleme Ekrani Girisi;5;;Reçete
93483;30.05.2023 13:37:00;2;192.168.1.195;0;Yeni Reçete Adim Ekleme Ekrani Girisi;5;;Reçete
93484;30.05.2023 13:37:00;2;192.168.1.195;0;Yeni Reçete Adim Ekleme Ekrani Girisi;5;;Reçete
93485;30.05.2023 13:38:00;2;192.168.1.195;0;Yeni Reçete Ekleme veya Güncelleme: ;5;;Reçete
93486;30.05.2023 13:38:00;2;192.168.1.195;0;Yeni Reçete Adimi Ekleniyor;5;;Reçete
93487;30.05.2023 13:38:00;2;192.168.1.195;0;Reçete adimi sirasi degistirildi;5;;Reçete
93488;30.05.2023 13:38:00;2;192.168.1.195;4250;Reçete Adimlari Listelendi : ANGIOGRAPHY PACK SAV-17MG;5;;Reçete
93489;30.05.2023 13:38:00;2;192.168.1.195;0;Reçete adimi sirasi degistirildi;5;;Reçete
93490;30.05.2023 13:38:00;2;192.168.1.195;4250;Reçete Adimlari Listelendi : ANGIOGRAPHY PACK SAV-17MG;5;;Reçete
93491;30.05.2023 13:53:00;36;192.168.1.164;0;Kalite Kontrol Bekleyen Ürünler Ekrani;5;;Kalite Kontrol
93492;30.05.2023 13:53:00;36;192.168.1.164;0;Welcome Dashboard;5;;Dashboard
93493;30.05.2023 13:53:00;36;192.168.1.164;0;Kalite Kontrol Bekleyen Ürünler Ekrani;5;;Kalite Kontrol
93494;30.05.2023 13:55:00;36;192.168.1.164;0;Kalite Kontrol Bekleyen Ürünler Ekrani;5;;Kalite Kontrol
93495;30.05.2023 13:55:00;36;192.168.1.164;0;Kalite kontrol formlari listendi;5;;Kalite Kontrol
93496;30.05.2023 14:25:00;28;192.168.1.128;0;Mal Kabul Belge Kayit:NKL2023000002216;5;;Mal Kabul
93497;30.05.2023 14:31:00;36;192.168.1.164;0;Welcome Dashboard;5;;Dashboard
93498;30.05.2023 14:31:00;36;192.168.1.164;0;Kalite Kontrol Bekleyen Ürünler Ekrani;5;;Kalite Kontrol
93499;30.05.2023 14:45:00;32;192.168.1.248;0;Welcome Dashboard;5;;Dashboard
93500;30.05.2023 14:45:00;32;192.168.1.248;0;Teklif Listesi Ekrani;5;;Teklif
93501;30.05.2023 14:45:00;32;192.168.1.248;0;Kayit Basarili.;5;;Teklif
93502;30.05.2023 14:46:00;32;192.168.1.248;0;Teklif kalemi kayit ediliyor;5;;
93503;30.05.2023 14:49:00;28;192.168.1.128;0;Stok Listesi Ekrani;5;;Stok
93504;30.05.2023 14:49:00;28;192.168.1.128;1954;Stok Depo Miktarlari Detay;5;;stok
93505;30.05.2023 14:49:00;28;192.168.1.128;1954;Stok Düzenleme Ekrani Girisi;5;;Stok
93506;30.05.2023 14:49:00;28;192.168.1.128;0;Stok Miktari Güncelleme. ISLEM: miktarCik MIKTAR: 1991;5;;
93507;30.05.2023 14:49:00;28;192.168.1.128;1954;Stok Düzenleme Ekrani Girisi;5;;Stok
93508;30.05.2023 14:49:00;28;192.168.1.128;0;Stok Listesi Ekrani;5;;Stok
93509;30.05.2023 14:49:00;32;192.168.1.248;0;Teklif kalemi kayit ediliyor;5;;
93510;30.05.2023 14:50:00;32;192.168.1.248;0;Silindi.;5;;
93511;30.05.2023 14:50:00;32;192.168.1.248;0;Teklif kalemi kayit ediliyor;5;;
93512;30.05.2023 15:01:00;27;192.168.1.138;0;Stok Listesi Ekrani;5;;Stok
93513;30.05.2023 15:01:00;27;192.168.1.138;0;Stok Listesi Ekrani;5;;Stok
93514;30.05.2023 15:01:00;27;192.168.1.138;0;Stok Listesi Ekrani;5;;Stok
93515;30.05.2023 15:01:00;27;192.168.1.138;0;Stok Listesi Ekrani;5;;Stok
93516;30.05.2023 15:01:00;27;192.168.1.138;0;Stok Listesi Ekrani;5;;Stok
93517;30.05.2023 15:01:00;27;192.168.1.138;0;Stok Listesi Ekrani;5;;Stok
93518;30.05.2023 15:01:00;27;192.168.1.138;0;Stok Listesi Ekrani;5;;Stok
93519;30.05.2023 15:01:00;27;192.168.1.138;0;Seçtiginiz kriterlerde kayit bulunamadi;5;;Stok
93520;30.05.2023 15:01:00;27;192.168.1.138;0;Stok Listesi Ekrani;5;;Stok
93521;30.05.2023 15:02:00;27;192.168.1.138;0;Stok Listesi Ekrani;5;;Stok
93522;30.05.2023 15:02:00;27;192.168.1.138;1954;Stok Depo Miktarlari Detay;5;;stok
93523;30.05.2023 15:07:00;5;192.168.1.137;0;Planlama ajanda sayfasi girisi;5;;Planlama
93524;30.05.2023 15:07:00;5;192.168.1.137;0;Üretim Isleri Listelendi;5;;Üretim
93525;30.05.2023 15:07:00;5;192.168.1.137;0;Üretim Isleri Listelendi;5;;Üretim
93526;30.05.2023 15:07:00;5;192.168.1.137;0;Üretim Isleri Listelendi;5;;Üretim
93527;30.05.2023 15:24:00;2;192.168.1.195;4250;Reçete Adimlari Listelendi : ANGIOGRAPHY PACK SAV-17MG;5;;Reçete
93528;30.05.2023 15:25:00;2;192.168.1.195;4250;Yeni Reçete Olusturma Ekrani Girisi;5;;Reçete
93529;30.05.2023 15:25:00;2;192.168.1.195;0;Reçete Klonlama Ekrani Girisi;5;;Reçete
93530;30.05.2023 15:26:00;2;192.168.1.195;0;Yeni Reçete Ekleme, Güncelleme, Kopyalama: ANGIOGRAPHY PACK  SAV-27MG;5;;Reçete
93531;30.05.2023 15:26:00;2;192.168.1.195;0;Yeni Reçete Ekleniyor: ANGIOGRAPHY PACK  SAV-27MG;5;;Reçete
93532;30.05.2023 15:26:00;2;192.168.1.195;0;Reçete Kopyalandi: ANGIOGRAPHY PACK  SAV-27MG;5;;Reçete
93533;30.05.2023 15:26:00;2;192.168.1.195;0;Reçeteler Listelendi;5;;Reçete
93534;30.05.2023 15:28:00;27;192.168.1.138;0;Mal Kabul Siparisleri Listelendi;5;;Satin Alma
93535;30.05.2023 15:29:00;2;192.168.1.195;0;Reçete Klonlama Ekrani Girisi;5;;Reçete
93536;30.05.2023 15:29:00;2;192.168.1.195;4251;Reçete Adimlari Listelendi : ANGIOGRAPHY PACK  SAV-27MG;5;;Reçete
93537;30.05.2023 15:30:00;32;192.168.1.248;0;Teklif Listesi Ekrani;5;;Teklif
93538;30.05.2023 15:30:00;32;192.168.1.248;0;Kayit Basarili.;5;;Teklif
93539;30.05.2023 15:32:00;36;192.168.1.164;0;Kalite Kontrol Bekleyen Ürünler Ekrani;5;;Kalite Kontrol
93540;30.05.2023 15:32:00;36;192.168.1.164;0;Kalite kontrol formlari listendi;5;;Kalite Kontrol
93541;30.05.2023 15:32:00;27;192.168.1.138;0;Stok Listesi Ekrani;5;;Stok
93542;30.05.2023 15:32:00;27;192.168.1.138;0;Stok Listesi Ekrani;5;;Stok
93543;30.05.2023 15:33:00;32;192.168.1.248;0;Teklif kalemi kayit ediliyor;5;;
93544;30.05.2023 15:35:00;32;192.168.1.248;0;Teklif kalemi kayit ediliyor;5;;
93545;30.05.2023 16:07:00;27;192.168.1.138;0;Mal Kabul Siparisleri Listelendi;5;;Satin Alma
93546;30.05.2023 16:08:00;27;192.168.1.138;0;Mal Kabul Siparisleri Listelendi;5;;Satin Alma
93547;30.05.2023 16:09:00;27;192.168.1.138;0;SIP2023_00100 numarali sipariste 2535 id kalem bakiye kapatildi.;5;;Satin Alma
93548;30.05.2023 16:09:00;27;192.168.1.138;0;Mal Kabul Siparisleri Listelendi;5;;Satin Alma
93549;30.05.2023 16:09:00;27;192.168.1.138;0;Satinalma Temp Siparis Olusturma Ekrani;5;;Satin Alma
93550;30.05.2023 16:09:00;27;192.168.1.138;0;1247 carisine satin alma siparisi için 25 kodlu ürün eklendi;5;;Satin Alma
93551;30.05.2023 16:09:00;27;192.168.1.138;0;Satinalma siparis ana tablo aktarimi;5;;Satin Alma
93552;30.05.2023 16:15:00;2;192.168.1.195;0;Yeni Reçete Adim Ekleme Ekrani Girisi;5;;Reçete
93553;30.05.2023 16:15:00;2;192.168.1.195;0;Yeni Reçete Adim Ekleme Ekrani Girisi;5;;Reçete
93554;30.05.2023 16:26:00;2;192.168.1.195;0;Yeni Reçete Adim Ekleme Ekrani Girisi;5;;Reçete
93555;30.05.2023 16:27:00;2;192.168.1.195;0;Yeni Reçete Ekleme veya Güncelleme: ;5;;Reçete
93556;30.05.2023 16:27:00;2;192.168.1.195;0;Yeni Reçete Adimi Ekleniyor;5;;Reçete
93557;30.05.2023 16:27:00;2;192.168.1.195;0;Reçete adimi sirasi degistirildi;5;;Reçete
93558;30.05.2023 16:27:00;2;192.168.1.195;4251;Reçete Adimlari Listelendi : ANGIOGRAPHY PACK  SAV-27MG;5;;Reçete
93559;30.05.2023 16:27:00;2;192.168.1.195;0;Yeni Reçete Adim Ekleme Ekrani Girisi;5;;Reçete
93560;30.05.2023 16:27:00;2;192.168.1.195;0;Yeni Reçete Ekleme veya Güncelleme: ;5;;Reçete
93561;30.05.2023 16:27:00;2;192.168.1.195;0;Reçete Adimi Güncelleniyor;5;;Reçete
93562;30.05.2023 16:27:00;2;192.168.1.195;4251;Reçete Adimlari Listelendi : ANGIOGRAPHY PACK  SAV-27MG;5;;Reçete
93563;30.05.2023 16:27:00;2;192.168.1.195;0;Reçete adimi sirasi degistirildi;5;;Reçete
93564;30.05.2023 16:27:00;2;192.168.1.195;4251;Reçete Adimlari Listelendi : ANGIOGRAPHY PACK  SAV-27MG;5;;Reçete
93565;30.05.2023 16:50:00;2;192.168.1.195;0;Log dosyasi olusturuldu. Olusturulan dosya : ;5;;
93566;30.05.2023 16:50:00;28;192.168.1.128;0;Log dosyasi olusturuldu. Olusturulan dosya : ;5;;
93567;30.05.2023 16:50:00;2;192.168.1.195;0;Log dosyasi olusturuldu. Olusturulan dosya : ;5;;
93568;30.05.2023 16:50:00;28;192.168.1.128;0;Log dosyasi olusturuldu. Olusturulan dosya : ;5;;
93569;30.05.2023 16:50:00;2;192.168.1.195;0;Log dosyasi olusturuldu. Olusturulan dosya : ;5;;
93570;30.05.2023 16:50:00;27;192.168.1.138;0;Log dosyasi olusturuldu. Olusturulan dosya : ;5;;
93571;30.05.2023 16:50:00;28;192.168.1.128;0;Log dosyasi olusturuldu. Olusturulan dosya : ;5;;
93572;30.05.2023 16:50:00;2;192.168.1.195;0;Log dosyasi olusturuldu. Olusturulan dosya : ;5;;
93573;30.05.2023 16:50:00;2;192.168.1.195;0;Log dosyasi olusturuldu. Olusturulan dosya : ;5;;
93574;30.05.2023 16:50:00;28;192.168.1.128;0;Log dosyasi olusturuldu. Olusturulan dosya : ;5;;
93575;30.05.2023 16:50:00;27;192.168.1.138;0;Log dosyasi olusturuldu. Olusturulan dosya : ;5;;
93576;30.05.2023 16:50:00;28;192.168.1.128;0;Log dosyasi olusturuldu. Olusturulan dosya : ;5;;
93577;30.05.2023 16:50:00;2;192.168.1.195;0;Log dosyasi olusturuldu. Olusturulan dosya : ;5;;
93578;30.05.2023 16:50:00;2;192.168.1.195;0;Log dosyasi olusturuldu. Olusturulan dosya : ;5;;
93579;30.05.2023 16:50:00;28;192.168.1.128;0;Log dosyasi olusturuldu. Olusturulan dosya : ;5;;
93580;30.05.2023 16:50:00;27;192.168.1.138;0;Log dosyasi olusturuldu. Olusturulan dosya : ;5;;
93581;30.05.2023 16:50:00;28;192.168.1.128;0;Log dosyasi olusturuldu. Olusturulan dosya : ;5;;
93582;30.05.2023 16:50:00;2;192.168.1.195;0;Log dosyasi olusturuldu. Olusturulan dosya : ;5;;
93583;30.05.2023 16:50:00;2;192.168.1.195;0;Log dosyasi olusturuldu. Olusturulan dosya : ;5;;
93584;30.05.2023 16:50:00;28;192.168.1.128;0;Log dosyasi olusturuldu. Olusturulan dosya : ;5;;
93585;30.05.2023 16:50:00;27;192.168.1.138;0;Log dosyasi olusturuldu. Olusturulan dosya : ;5;;
93586;30.05.2023 16:50:00;2;192.168.1.195;0;Log dosyasi olusturuldu. Olusturulan dosya : ;5;;
93587;30.05.2023 16:50:00;28;192.168.1.128;0;Log dosyasi olusturuldu. Olusturulan dosya : ;5;;
93588;30.05.2023 16:50:00;2;192.168.1.195;0;Log dosyasi olusturuldu. Olusturulan dosya : ;5;;
93589;30.05.2023 16:50:00;27;192.168.1.138;0;Log dosyasi olusturuldu. Olusturulan dosya : ;5;;
93590;30.05.2023 16:50:00;2;192.168.1.195;0;Log dosyasi olusturuldu. Olusturulan dosya : ;5;;
93591;30.05.2023 16:50:00;28;192.168.1.128;0;Log dosyasi olusturuldu. Olusturulan dosya : ;5;;
93592;30.05.2023 16:50:00;28;192.168.1.128;0;Log dosyasi olusturuldu. Olusturulan dosya : ;5;;
